 5.E-03, 4.E-04, 2.5E-03,2.5E-03, 3.E-03, 1.6E-02,5.E-03, 5.E-03, 2.E-03,3.5E-02, 4.E-03, 5.236E-02,0.2618, 5.236E-02, 0.349066667
	1.E-03, 9.355774374E-06, 0.317686408
	2.E-03, 1.871154875E-05, 0.632370879
	3.5E-03, 3.274521031E-05, 1.09879996
	5.75E-03, 5.379570265E-05, 1.78594495
	9.125E-03, 8.537144116E-05, 2.78887123
	1.41875E-02, 1.327350489E-04, 4.23187868
	2.178125E-02, 2.037804606E-04, 6.26229798
	3.178125E-02, 2.973382043E-04, 8.70145777
	4.178125E-02, 3.908959481E-04, 10.8894318
	5.178125E-02, 4.844536918E-04, 12.8434899
	6.178125E-02, 5.780114355E-04, 14.5808436
	7.178125E-02, 6.715691793E-04, 16.1183196
	8.178125E-02, 7.65126923E-04, 17.4727316
	9.178125E-02, 8.586846667E-04, 18.6573435
	0.10178125, 9.522424105E-04, 19.6892031
	0.11178125, 1.045800154E-03, 20.5791931
	0.12178125, 1.139357898E-03, 21.3400669
	0.13178125, 1.232915642E-03, 21.9827228
	0.14178125, 1.326473385E-03, 22.5169971
	0.15178125, 1.420031129E-03, 22.9517169
	0.16178125, 1.513588873E-03, 23.2947881
	0.17178125, 1.607146617E-03, 23.5532227
	0.18178125, 1.70070436E-03, 23.7330257
	0.19178125, 1.794262104E-03, 23.840127
	0.20178125, 1.887819848E-03, 23.8785773
	0.21178125, 1.981377592E-03, 23.8519261
	0.22178125, 2.074935335E-03, 23.7650771
	0.23178125, 2.168493079E-03, 23.6243017
	0.24178125, 2.262050823E-03, 23.3946535
	0.25178125, 2.355608567E-03, 23.1055254
	0.26178125, 2.44916631E-03, 22.7635286
	0.27178125, 2.542724054E-03, 22.3717141
	0.28178125, 2.636281798E-03, 21.9332831
	0.29178125, 2.729839541E-03, 21.4510367
	0.30178125, 2.823397285E-03, 20.7500375
	0.31178125, 2.916955029E-03, 20.1619452
	0.32178125, 3.010512773E-03, 19.5941355
	0.33178125, 3.104070516E-03, 18.9945559
	0.34178125, 3.19762826E-03, 18.365517
	0.35178125, 3.291186004E-03, 17.7081344
	0.36178125, 3.384743748E-03, 17.0240217
	0.37178125, 3.478301491E-03, 16.3149121
	0.38178125, 3.571859235E-03, 15.5826376
	0.39178125, 3.665416979E-03, 14.8291198
	0.40178125, 3.758974723E-03, 14.1223785
	0.41178125, 3.852532466E-03, 13.3687745
	0.42178125, 3.94609021E-03, 12.5948227
	0.43178125, 4.039647954E-03, 11.8019495
	0.44178125, 4.133205698E-03, 11.0168129
	0.45178125, 4.226763441E-03, 10.1994427
	0.46178125, 4.320321185E-03, 9.36160439
	0.47178125, 4.413878929E-03, 8.50202781
	0.48178125, 4.507436673E-03, 7.62507127
	0.49178125, 4.600994416E-03, 6.70613016
	0.50178125, 4.69455216E-03, 5.72975692
	0.51178125, 4.788109904E-03, 4.72694902
	0.52178125, 4.881667647E-03, 3.52547628
	0.53178125, 4.975225391E-03, 2.52666128
	0.54178125, 5.068783135E-03, 1.54105717
	0.55178125, 5.162340879E-03, 0.622781553
	0.56178125, 5.255898622E-03, -0.295852851
	0.57178125, 5.349456366E-03, -1.20576974
	0.58178125, 5.44301411E-03, -2.11189249
	0.59178125, 5.536571854E-03, -3.01802125
	0.60178125, 5.630129597E-03, -3.92709758
	0.61178125, 5.723687341E-03, -4.84154359
	0.62178125, 5.817245085E-03, -5.76347876
	0.63178125, 5.910802829E-03, -6.68304146
	0.64178125, 6.004360572E-03, -7.6375058
	0.65178125, 6.097918316E-03, -8.59165624
	0.66178125, 6.19147606E-03, -9.54399489
	0.67178125, 6.285033804E-03, -10.5517554
	0.68178125, 6.378591547E-03, -11.5598875
	0.69178125, 6.472149291E-03, -12.5663802
	0.70178125, 6.565707035E-03, -13.5687963
	0.71178125, 6.659264778E-03, -14.7164446
	0.72178125, 6.752822522E-03, -15.8698192
	0.73178125, 6.846380266E-03, -17.0261128
	0.74178125, 6.93993801E-03, -18.1816279
	0.75178125, 7.033495753E-03, -19.3329964
	0.76178125, 7.127053497E-03, -20.653165
	0.77178125, 7.220611241E-03, -21.97737
	0.78178125, 7.314168985E-03, -23.4084769
	0.79178125, 7.407726728E-03, -24.9190543
	0.80178125, 7.501284472E-03, -26.5557991
	0.81178125, 7.594842216E-03, -28.3720103
	0.82178125, 7.68839996E-03, -30.4931145
	0.83178125, 7.781957703E-03, -33.3965694
	0.84178125, 7.875515447E-03, -34.6303074
	0.85178125, 7.969073191E-03, -34.2076178
	0.86178125, 8.062630935E-03, -32.961815
	0.87178125, 8.156188678E-03, -31.104501
	0.88178125, 8.249746422E-03, -28.8370776
	0.89178125, 8.343304166E-03, -26.2636316
	0.90178125, 8.43686191E-03, -23.4115636
	0.91178125, 8.530419653E-03, -20.3030155
	0.92178125, 8.623977397E-03, -16.9415637
	0.93178125, 8.717535141E-03, -13.3263926
	0.94178125, 8.811092884E-03, -9.4548411
	0.95178125, 8.904650628E-03, -5.3231016
	0.96178125, 8.998208372E-03, -0.926670017
	0.97178125, 9.091766116E-03, 3.73940551
	0.98178125, 9.185323859E-03, 8.6803872
	0.99178125, 9.278881603E-03, 13.9017737
	1, 9.355774374E-03, 18.4070074
