 5.E-03, 4.E-04, 2.5E-03,2.5E-03, 3.E-03, 1.5E-02,5.E-03, 5.E-03, 2.E-03,3.5E-02, 4.E-03, 5.236E-02,0.2618, 5.236E-02, 0.349066667
	1.E-03, 8.812253137E-06, 0.298989118
	2.E-03, 1.762450627E-05, 0.595262146
	3.5E-03, 3.084288598E-05, 1.03460668
	5.75E-03, 5.067045554E-05, 1.68231113
	9.125E-03, 8.041180988E-05, 2.62870509
	1.41875E-02, 1.250238414E-04, 3.99268106
	2.178125E-02, 1.919418886E-04, 5.9169965
	3.178125E-02, 2.8006442E-04, 8.23772129
	4.178125E-02, 3.681869514E-04, 10.3292666
	5.178125E-02, 4.563094828E-04, 12.2064167
	6.178125E-02, 5.444320141E-04, 13.8839185
	7.178125E-02, 6.325545455E-04, 15.3762431
	8.178125E-02, 7.206770769E-04, 16.6973567
	9.178125E-02, 8.087996083E-04, 17.8605491
	0.10178125, 8.969221396E-04, 18.8783136
	0.11178125, 9.85044671E-04, 19.7629788
	0.12178125, 1.073167202E-03, 20.5231371
	0.13178125, 1.161289734E-03, 21.1715113
	0.14178125, 1.249412265E-03, 21.7140673
	0.15178125, 1.337534796E-03, 22.1619044
	0.16178125, 1.425657328E-03, 22.519431
	0.17178125, 1.513779859E-03, 22.7960112
	0.18178125, 1.601902391E-03, 22.9949975
	0.19178125, 1.690024922E-03, 23.1238642
	0.20178125, 1.778147453E-03, 23.1855006
	0.21178125, 1.866269985E-03, 23.185002
	0.22178125, 1.954392516E-03, 23.1256249
	0.23178125, 2.042515047E-03, 23.0085759
	0.24178125, 2.130637579E-03, 22.8390677
	0.25178125, 2.21876011E-03, 22.6221055
	0.26178125, 2.306882642E-03, 22.3251662
	0.27178125, 2.395005173E-03, 21.9758552
	0.28178125, 2.483127704E-03, 21.5794444
	0.29178125, 2.571250236E-03, 21.1384445
	0.30178125, 2.659372767E-03, 20.6555223
	0.31178125, 2.747495298E-03, 20.1330648
	0.32178125, 2.83561783E-03, 19.5732527
	0.33178125, 2.923740361E-03, 18.9781449
	0.34178125, 3.011862893E-03, 18.3497655
	0.35178125, 3.099985424E-03, 17.690183
	0.36178125, 3.188107955E-03, 17.0015824
	0.37178125, 3.276230487E-03, 16.2863213
	0.38178125, 3.364353018E-03, 15.5469625
	0.39178125, 3.452475549E-03, 14.8947094
	0.40178125, 3.540598081E-03, 14.1778573
	0.41178125, 3.628720612E-03, 13.4397265
	0.42178125, 3.716843144E-03, 12.6819551
	0.43178125, 3.804965675E-03, 11.9057407
	0.44178125, 3.893088206E-03, 11.1399938
	0.45178125, 3.981210738E-03, 10.3439862
	0.46178125, 4.069333269E-03, 9.52986485
	0.47178125, 4.1574558E-03, 8.6985119
	0.48178125, 4.245578332E-03, 7.86430293
	0.49178125, 4.333700863E-03, 7.00407608
	0.50178125, 4.421823395E-03, 6.12467077
	0.51178125, 4.509945926E-03, 5.22366808
	0.52178125, 4.598068457E-03, 4.29525352
	0.53178125, 4.686190989E-03, 3.33298758
	0.54178125, 4.77431352E-03, 2.35026385
	0.55178125, 4.862436051E-03, 1.2867043
	0.56178125, 4.950558583E-03, 0.265231768
	0.57178125, 5.038681114E-03, -0.744823217
	0.58178125, 5.126803646E-03, -1.6955949
	0.59178125, 5.214926177E-03, -2.64852252
	0.60178125, 5.303048708E-03, -3.59549491
	0.61178125, 5.39117124E-03, -4.54131588
	0.62178125, 5.479293771E-03, -5.48998765
	0.63178125, 5.567416302E-03, -6.44465834
	0.64178125, 5.655538834E-03, -7.39630279
	0.65178125, 5.743661365E-03, -8.38254496
	0.66178125, 5.831783896E-03, -9.3693075
	0.67178125, 5.919906428E-03, -10.3551609
	0.68178125, 6.008028959E-03, -11.3965605
	0.69178125, 6.096151491E-03, -12.4400853
	0.70178125, 6.184274022E-03, -13.484082
	0.71178125, 6.272396553E-03, -14.526069
	0.72178125, 6.360519085E-03, -15.722133
	0.73178125, 6.448641616E-03, -16.9281626
	0.74178125, 6.536764147E-03, -18.1421182
	0.75178125, 6.624886679E-03, -19.3605768
	0.76178125, 6.71300921E-03, -20.5802402
	0.77178125, 6.801131742E-03, -21.7977977
	0.78178125, 6.889254273E-03, -23.4339026
	0.79178125, 6.977376804E-03, -24.9874165
	0.80178125, 7.065499336E-03, -26.6892956
	0.81178125, 7.153621867E-03, -28.6218285
	0.82178125, 7.241744398E-03, -31.0698819
	0.83178125, 7.32986693E-03, -32.7594217
	0.84178125, 7.417989461E-03, -32.8185141
	0.84928125, 7.48408136E-03, -32.3731563
	0.85678125, 7.550173258E-03, -31.5376324
	0.86678125, 7.63829579E-03, -29.9511328
	0.87678125, 7.726418321E-03, -27.9738001
	0.88678125, 7.814540852E-03, -25.7008626
	0.89678125, 7.902663384E-03, -23.1618209
	0.90678125, 7.990785915E-03, -20.3810131
	0.91678125, 8.078908446E-03, -17.363971
	0.92678125, 8.167030978E-03, -14.1112693
	0.93678125, 8.255153509E-03, -10.6213004
	0.94678125, 8.343276041E-03, -6.89112005
	0.95678125, 8.431398572E-03, -2.91697086
	0.96678125, 8.519521103E-03, 1.30541763
	0.97678125, 8.607643635E-03, 5.78066804
	0.98678125, 8.695766166E-03, 10.5136573
	0.993390625, 8.754009652E-03, 13.7857735
	1, 8.812253137E-03, 17.1742062
