 5.E-03, 4.E-04, 2.5E-03,2.5E-03, 3.E-03, 1.2E-02,5.E-03, 5.E-03, 2.E-03,3.5E-02, 4.E-03, 5.236E-02,0.2618, 5.236E-02, 0.349066667
	1.E-03, 7.181689428E-06, 0.241630966
	2.E-03, 1.436337886E-05, 0.481337675
	3.5E-03, 2.5135913E-05, 0.837307065
	5.75E-03, 4.129471421E-05, 1.36323555
	9.125E-03, 6.553291603E-05, 2.13425371
	1.41875E-02, 1.018902188E-04, 3.25118683
	2.178125E-02, 1.564261728E-04, 4.83963715
	3.178125E-02, 2.282430671E-04, 6.77788892
	4.178125E-02, 3.000599614E-04, 8.54955736
	5.178125E-02, 3.718768557E-04, 10.1633394
	6.178125E-02, 4.4369375E-04, 11.6279007
	7.178125E-02, 5.155106442E-04, 12.9518007
	8.178125E-02, 5.873275385E-04, 14.1434034
	9.178125E-02, 6.591444328E-04, 15.2108045
	0.10178125, 7.309613271E-04, 16.1617733
	0.11178125, 8.027782213E-04, 17.0037091
	0.12178125, 8.745951156E-04, 17.7436112
	0.13178125, 9.464120099E-04, 18.3880612
	0.14178125, 1.018228904E-03, 18.9432165
	0.15178125, 1.090045798E-03, 19.4148126
	0.16178125, 1.161862693E-03, 19.8081723
	0.17178125, 1.233679587E-03, 20.1282203
	0.18178125, 1.305496481E-03, 20.3795013
	0.19178125, 1.377313376E-03, 20.566201
	0.20178125, 1.44913027E-03, 20.6925332
	0.21178125, 1.520947164E-03, 20.7608632
	0.22178125, 1.592764058E-03, 20.7759756
	0.23178125, 1.664580953E-03, 20.7393769
	0.24178125, 1.736397847E-03, 20.6550298
	0.25178125, 1.808214741E-03, 20.5243312
	0.26178125, 1.880031635E-03, 20.3503117
	0.27178125, 1.95184853E-03, 20.1344584
	0.28178125, 2.023665424E-03, 19.8786613
	0.29178125, 2.095482318E-03, 19.5848215
	0.30178125, 2.167299213E-03, 19.255475
	0.31178125, 2.239116107E-03, 18.885938
	0.32178125, 2.310933001E-03, 18.4825533
	0.33178125, 2.382749895E-03, 18.0475053
	0.34178125, 2.45456679E-03, 17.5817211
	0.35178125, 2.526383684E-03, 17.086243
	0.36178125, 2.598200578E-03, 16.5272846
	0.37178125, 2.670017473E-03, 15.9345927
	0.38178125, 2.741834367E-03, 15.3107181
	0.39178125, 2.813651261E-03, 14.65781
	0.40178125, 2.885468155E-03, 14.0764636
	0.41178125, 2.95728505E-03, 13.427815
	0.42178125, 3.029101944E-03, 12.7280121
	0.43178125, 3.100918838E-03, 12.0067248
	0.44178125, 3.172735732E-03, 11.265842
	0.45178125, 3.244552627E-03, 10.5586172
	0.46178125, 3.316369521E-03, 9.80727865
	0.47178125, 3.388186415E-03, 9.03784619
	0.48178125, 3.46000331E-03, 8.25130717
	0.49178125, 3.531820204E-03, 7.44898732
	0.50178125, 3.603637098E-03, 6.64294261
	0.51178125, 3.675453992E-03, 5.81630335
	0.52178125, 3.747270887E-03, 4.97460715
	0.53178125, 3.819087781E-03, 4.12042949
	0.54178125, 3.890904675E-03, 3.25135957
	0.55178125, 3.96272157E-03, 2.3677027
	0.56178125, 4.034538464E-03, 1.4698314
	0.57178125, 4.106355358E-03, 0.557454593
	0.58178125, 4.178172252E-03, -0.369535245
	0.59178125, 4.249989147E-03, -1.31131105
	0.60178125, 4.321806041E-03, -2.26802173
	0.61178125, 4.393622935E-03, -3.23985885
	0.62178125, 4.465439829E-03, -4.22703599
	0.63178125, 4.537256724E-03, -5.22981328
	0.64178125, 4.609073618E-03, -6.24462695
	0.65178125, 4.680890512E-03, -7.28366172
	0.66178125, 4.752707407E-03, -8.33383874
	0.67178125, 4.824524301E-03, -9.39585371
	0.68178125, 4.896341195E-03, -10.4951408
	0.69178125, 4.968158089E-03, -11.6060222
	0.70178125, 5.039974984E-03, -12.7290136
	0.71178125, 5.111791878E-03, -13.8623003
	0.72178125, 5.183608772E-03, -15.0829943
	0.73178125, 5.255425666E-03, -16.3209674
	0.74178125, 5.327242561E-03, -17.5780319
	0.75178125, 5.399059455E-03, -18.8504409
	0.76178125, 5.470876349E-03, -20.134026
	0.77178125, 5.542693244E-03, -21.5730164
	0.78178125, 5.614510138E-03, -22.9821229
	0.79178125, 5.686327032E-03, -24.2930186
	0.80178125, 5.758143926E-03, -25.3128457
	0.81178125, 5.829960821E-03, -25.9818804
	0.82178125, 5.901777715E-03, -26.2493156
	0.83178125, 5.973594609E-03, -26.0977629
	0.84178125, 6.045411504E-03, -25.5533051
	0.85178125, 6.117228398E-03, -24.6655562
	0.86178125, 6.189045292E-03, -23.4866305
	0.87178125, 6.260862186E-03, -22.0579445
	0.88178125, 6.332679081E-03, -20.4074558
	0.89178125, 6.404495975E-03, -18.5535098
	0.90178125, 6.476312869E-03, -16.5032584
	0.91178125, 6.548129763E-03, -14.2636474
	0.92178125, 6.619946658E-03, -11.8368766
	0.93178125, 6.691763552E-03, -9.22328086
	0.94178125, 6.763580446E-03, -6.42196233
	0.95178125, 6.835397341E-03, -3.43118743
	0.96178125, 6.907214235E-03, -0.248641249
	0.97178125, 6.979031129E-03, 3.12840644
	0.98178125, 7.050848023E-03, 6.70299778
	0.99178125, 7.122664918E-03, 10.4784117
	1, 7.181689428E-03, 13.734115
