 5.E-03, 4.E-04, 2.5E-03,2.5E-03, 3.E-03, 1.8E-02,5.E-03, 5.E-03, 2.E-03,3.5E-02, 4.E-03, 5.236E-02,0.2618, 5.236E-02, 0.349066667
	1.E-03, 1.044281685E-05, 0.354463072
	2.E-03, 2.088563369E-05, 0.705322692
	3.5E-03, 3.654985896E-05, 1.22489433
	5.75E-03, 6.004619687E-05, 1.98925811
	9.125E-03, 9.529070373E-05, 3.10248797
	1.41875E-02, 1.48157464E-04, 4.69884463
	2.178125E-02, 2.274576044E-04, 6.93324466
	3.178125E-02, 3.318857729E-04, 9.59672612
	4.178125E-02, 4.363139414E-04, 11.963995
	5.178125E-02, 5.407421099E-04, 14.0575697
	6.178125E-02, 6.451702783E-04, 15.9003665
	7.178125E-02, 7.495984468E-04, 17.5144567
	8.178125E-02, 8.540266153E-04, 18.9207605
	9.178125E-02, 9.584547837E-04, 20.138749
	0.10178125, 1.062882952E-03, 21.186279
	0.11178125, 1.167311121E-03, 22.079536
	0.12178125, 1.271739289E-03, 22.8330464
	0.13178125, 1.376167458E-03, 23.4597736
	0.14178125, 1.480595626E-03, 23.9711752
	0.15178125, 1.585023795E-03, 24.3773232
	0.16178125, 1.689451963E-03, 24.6867314
	0.17178125, 1.793880131E-03, 24.9075923
	0.18178125, 1.8983083E-03, 25.0455314
	0.19178125, 2.002736468E-03, 25.1105386
	0.20178125, 2.107164637E-03, 25.0858965
	0.21178125, 2.211592805E-03, 24.9908064
	0.22178125, 2.316020974E-03, 24.8340995
	0.23178125, 2.420449142E-03, 24.619357
	0.24178125, 2.524877311E-03, 24.3505761
	0.25178125, 2.629305479E-03, 23.5275739
	0.26178125, 2.733733648E-03, 23.2046233
	0.27178125, 2.838161816E-03, 22.6677384
	0.28178125, 2.942589985E-03, 22.1220235
	0.29178125, 3.047018153E-03, 21.5381643
	0.30178125, 3.151446322E-03, 20.9329049
	0.31178125, 3.25587449E-03, 20.3081769
	0.32178125, 3.360302658E-03, 19.6505224
	0.33178125, 3.464730827E-03, 18.9632369
	0.34178125, 3.569158995E-03, 18.3291895
	0.35178125, 3.673587164E-03, 17.6659919
	0.36178125, 3.778015332E-03, 16.9760158
	0.37178125, 3.882443501E-03, 16.2598905
	0.38178125, 3.986871669E-03, 15.5186779
	0.39178125, 4.091299838E-03, 14.753361
	0.40178125, 4.195728006E-03, 13.9646008
	0.41178125, 4.300156175E-03, 13.1523781
	0.42178125, 4.404584343E-03, 12.3153147
	0.43178125, 4.509012512E-03, 11.4494946
	0.44178125, 4.61344068E-03, 10.5754979
	0.45178125, 4.717868849E-03, 9.5452312
	0.46178125, 4.822297017E-03, 8.14862971
	0.47178125, 4.926725186E-03, 7.02042345
	0.48178125, 5.031153354E-03, 6.04573557
	0.49178125, 5.135581522E-03, 5.08700811
	0.50178125, 5.240009691E-03, 4.22931417
	0.51178125, 5.344437859E-03, 3.35863974
	0.52178125, 5.448866028E-03, 2.49883295
	0.53178125, 5.553294196E-03, 1.64601072
	0.54178125, 5.657722365E-03, 0.796630832
	0.55178125, 5.762150533E-03, -5.197424733E-02
	0.56178125, 5.866578702E-03, -0.902066915
	0.57178125, 5.97100687E-03, -1.75541522
	0.58178125, 6.075435039E-03, -2.61367674
	0.59178125, 6.179863207E-03, -3.47833717
	0.60178125, 6.284291376E-03, -4.35079291
	0.61178125, 6.388719544E-03, -5.23239199
	0.62178125, 6.493147713E-03, -6.11158435
	0.63178125, 6.597575881E-03, -7.02838073
	0.64178125, 6.702004049E-03, -7.94360841
	0.65178125, 6.806432218E-03, -8.85536706
	0.66178125, 6.910860386E-03, -9.82518629
	0.67178125, 7.015288555E-03, -10.7929471
	0.68178125, 7.119716723E-03, -11.7560723
	0.69178125, 7.224144892E-03, -12.7120032
	0.70178125, 7.32857306E-03, -13.8143703
	0.71178125, 7.433001229E-03, -14.9178645
	0.72178125, 7.537429397E-03, -16.0189081
	0.73178125, 7.641857566E-03, -17.1135451
	0.74178125, 7.746285734E-03, -18.1982826
	0.75178125, 7.850713903E-03, -19.4378811
	0.76178125, 7.955142071E-03, -20.6871588
	0.77178125, 8.05957024E-03, -21.9956545
	0.78178125, 8.163998408E-03, -23.3743399
	0.79178125, 8.268426577E-03, -24.8395943
	0.80178125, 8.372854745E-03, -26.4127923
	0.81178125, 8.477282913E-03, -28.1186887
	0.82178125, 8.581711082E-03, -29.9943193
	0.83178125, 8.68613925E-03, -32.1487167
	0.84178125, 8.790567419E-03, -35.0098668
	0.85178125, 8.894995587E-03, -37.3925397
	0.85928125, 8.973316714E-03, -36.9263819
	0.86678125, 9.05163784E-03, -35.8607398
	0.87678125, 9.156066008E-03, -33.7383921
	0.88678125, 9.260494177E-03, -31.0852565
	0.89678125, 9.364922345E-03, -28.0549574
	0.90678125, 9.469350514E-03, -24.7054878
	0.91678125, 9.573778682E-03, -21.0571074
	0.92678125, 9.678206851E-03, -17.115799
	0.93678125, 9.782635019E-03, -12.8814793
	0.94678125, 9.887063188E-03, -8.35125465
	0.95678125, 9.991491356E-03, -3.52052845
	0.96678125, 1.009591952E-02, 1.61586208
	0.97678125, 1.020034769E-02, 7.06385505
	0.98678125, 1.030477586E-02, 12.8296018
	0.993390625, 1.037379635E-02, 16.8179318
	1, 1.044281685E-02, 20.949884
