 5.E-03, 4.E-04, 2.5E-03,2.5E-03, 3.E-03, 1.E-02,5.E-03, 5.E-03, 2.E-03,3.5E-02, 4.E-03, 5.236E-02,0.2618, 5.236E-02, 0.349066667
	1.E-03, 6.094646955E-06, 0.202321328
	2.E-03, 1.218929391E-05, 0.403184904
	3.5E-03, 2.133126434E-05, 0.701759011
	5.75E-03, 3.504421999E-05, 1.14353405
	9.125E-03, 5.561365346E-05, 1.79262783
	1.41875E-02, 8.646780367E-05, 2.73616283
	2.178125E-02, 1.32749029E-04, 4.08516778
	3.178125E-02, 1.936954985E-04, 5.74403172
	4.178125E-02, 2.546419681E-04, 7.27446617
	5.178125E-02, 3.155884376E-04, 8.68217307
	6.178125E-02, 3.765349072E-04, 9.97281262
	7.178125E-02, 4.374813767E-04, 11.1519811
	8.178125E-02, 4.984278463E-04, 12.2251698
	9.178125E-02, 5.593743158E-04, 13.1977329
	0.10178125, 6.203207853E-04, 14.0748605
	0.11178125, 6.812672549E-04, 14.861556
	0.12178125, 7.422137244E-04, 15.5626185
	0.13178125, 8.03160194E-04, 16.1826302
	0.14178125, 8.641066635E-04, 16.7259476
	0.15178125, 9.250531331E-04, 17.1966974
	0.16178125, 9.859996026E-04, 17.5987756
	0.17178125, 1.046946072E-03, 17.9358498
	0.18178125, 1.107892542E-03, 18.2113641
	0.19178125, 1.168839011E-03, 18.4285452
	0.20178125, 1.229785481E-03, 18.5904108
	0.21178125, 1.29073195E-03, 18.6997789
	0.22178125, 1.35167842E-03, 18.7592774
	0.23178125, 1.412624889E-03, 18.7713542
	0.24178125, 1.473571359E-03, 18.7382879
	0.25178125, 1.534517829E-03, 18.6621975
	0.26178125, 1.595464298E-03, 18.5450532
	0.27178125, 1.656410768E-03, 18.3886853
	0.28178125, 1.717357237E-03, 18.1947941
	0.29178125, 1.778303707E-03, 17.9649584
	0.30178125, 1.839250176E-03, 17.7006439
	0.31178125, 1.900196646E-03, 17.4032111
	0.32178125, 1.961143115E-03, 17.0738761
	0.33178125, 2.022089585E-03, 16.7137021
	0.34178125, 2.083036054E-03, 16.3242097
	0.35178125, 2.143982524E-03, 15.9058165
	0.36178125, 2.204928994E-03, 15.4597756
	0.37178125, 2.265875463E-03, 14.9872686
	0.38178125, 2.326821933E-03, 14.4880961
	0.39178125, 2.387768402E-03, 13.9638896
	0.40178125, 2.448714872E-03, 13.4155587
	0.41178125, 2.509661341E-03, 12.8436227
	0.42178125, 2.570607811E-03, 12.24657
	0.43178125, 2.63155428E-03, 11.6273171
	0.44178125, 2.69250075E-03, 10.9865244
	0.45178125, 2.753447219E-03, 10.3247828
	0.46178125, 2.814393689E-03, 9.64265694
	0.47178125, 2.875340159E-03, 8.94069428
	0.48178125, 2.936286628E-03, 8.21944832
	0.49178125, 2.997233098E-03, 7.47949842
	0.50178125, 3.058179567E-03, 6.72146595
	0.51178125, 3.119126037E-03, 5.9485229
	0.52178125, 3.180072506E-03, 5.15814608
	0.53178125, 3.241018976E-03, 4.35044113
	0.54178125, 3.301965445E-03, 3.52634919
	0.55178125, 3.362911915E-03, 2.68718285
	0.56178125, 3.423858384E-03, 1.83242289
	0.57178125, 3.484804854E-03, 0.962138574
	0.58178125, 3.545751324E-03, 7.632904404E-02
	0.59178125, 3.606697793E-03, -0.825066315
	0.60178125, 3.667644263E-03, -1.74215552
	0.61178125, 3.728590732E-03, -2.6750936
	0.62178125, 3.789537202E-03, -3.62406965
	0.63178125, 3.850483671E-03, -4.58929515
	0.64178125, 3.911430141E-03, -5.56892517
	0.65178125, 3.97237661E-03, -6.56933055
	0.66178125, 4.03332308E-03, -7.58339362
	0.67178125, 4.094269549E-03, -8.61209661
	0.68178125, 4.155216019E-03, -9.6643172
	0.69178125, 4.216162489E-03, -10.7279231
	0.70178125, 4.277108958E-03, -11.8034027
	0.71178125, 4.338055428E-03, -12.8870684
	0.72178125, 4.399001897E-03, -13.9746827
	0.73178125, 4.459948367E-03, -15.0596815
	0.74178125, 4.520894836E-03, -16.1315713
	0.75178125, 4.581841306E-03, -17.1735357
	0.76178125, 4.642787775E-03, -18.1395656
	0.77178125, 4.703734245E-03, -19.0162773
	0.78178125, 4.764680714E-03, -19.7642184
	0.79178125, 4.825627184E-03, -20.3380462
	0.80178125, 4.886573654E-03, -20.7029337
	0.81178125, 4.947520123E-03, -20.8356292
	0.82178125, 5.008466593E-03, -20.7284667
	0.83178125, 5.069413062E-03, -20.3864941
	0.84178125, 5.130359532E-03, -19.8224055
	0.85178125, 5.191306001E-03, -19.0517139
	0.86178125, 5.252252471E-03, -18.0892945
	0.87178125, 5.31319894E-03, -16.9488713
	0.88178125, 5.37414541E-03, -15.6370712
	0.89178125, 5.435091879E-03, -14.1623509
	0.90178125, 5.496038349E-03, -12.529243
	0.91178125, 5.556984819E-03, -10.7405079
	0.92178125, 5.617931288E-03, -8.79757152
	0.93178125, 5.678877758E-03, -6.70085357
	0.94178125, 5.739824227E-03, -4.45001391
	0.95178125, 5.800770697E-03, -2.04413487
	0.96178125, 5.861717166E-03, 0.518144589
	0.97178125, 5.922663636E-03, 3.23852966
	0.98178125, 5.983610105E-03, 6.11899767
	0.99178125, 6.044556575E-03, 9.16174339
	1, 6.094646955E-03, 11.7856691
