 5.E-03, 4.E-04, 2.5E-03,2.5E-03, 3.E-03, 1.1E-02,5.E-03, 5.E-03, 2.E-03,3.5E-02, 4.E-03, 5.236E-02,0.2618, 5.236E-02, 0.349066667
	1.E-03, 6.638168191E-06, 0.222083234
	2.E-03, 1.327633638E-05, 0.44248208
	3.5E-03, 2.323358867E-05, 0.769936361
	5.75E-03, 3.81694671E-05, 1.25408896
	9.125E-03, 6.057328474E-05, 1.96465533
	1.41875E-02, 9.417901121E-05, 2.99578277
	2.178125E-02, 1.445876009E-04, 4.46611876
	3.178125E-02, 2.109692828E-04, 6.26722926
	4.178125E-02, 2.773509647E-04, 7.9212422
	5.178125E-02, 3.437326466E-04, 9.43525721
	6.178125E-02, 4.101143286E-04, 10.8163367
	7.178125E-02, 4.764960105E-04, 12.0714627
	8.178125E-02, 5.428776924E-04, 13.2074742
	9.178125E-02, 6.092593743E-04, 14.2310183
	0.10178125, 6.756410562E-04, 15.148509
	0.11178125, 7.420227381E-04, 15.9660948
	0.12178125, 8.0840442E-04, 16.6896343
	0.13178125, 8.747861019E-04, 17.3246807
	0.14178125, 9.411677838E-04, 17.8764729
	0.15178125, 1.007549466E-03, 18.3499327
	0.16178125, 1.073931148E-03, 18.7496679
	0.17178125, 1.14031283E-03, 19.079979
	0.18178125, 1.206694511E-03, 19.3448698
	0.19178125, 1.273076193E-03, 19.5480593
	0.20178125, 1.339457875E-03, 19.6929961
	0.21178125, 1.405839557E-03, 19.7828732
	0.22178125, 1.472221239E-03, 19.8206436
	0.23178125, 1.538602921E-03, 19.8090353
	0.24178125, 1.604984603E-03, 19.7507981
	0.25178125, 1.671366285E-03, 19.6474741
	0.26178125, 1.737747967E-03, 19.5022548
	0.27178125, 1.804129649E-03, 19.3161453
	0.28178125, 1.870511331E-03, 19.0917232
	0.29178125, 1.936893013E-03, 18.8300458
	0.30178125, 2.003274694E-03, 18.5330161
	0.31178125, 2.069656376E-03, 18.2018327
	0.32178125, 2.136038058E-03, 17.8384461
	0.33178125, 2.20241974E-03, 17.4416131
	0.34178125, 2.268801422E-03, 17.0144426
	0.35178125, 2.335183104E-03, 16.5585539
	0.36178125, 2.401564786E-03, 16.07465
	0.37178125, 2.467946468E-03, 15.5569706
	0.38178125, 2.53432815E-03, 15.01247
	0.39178125, 2.600709832E-03, 14.4424374
	0.40178125, 2.667091514E-03, 13.8476319
	0.41178125, 2.733473195E-03, 13.2288574
	0.42178125, 2.799854877E-03, 12.5868571
	0.43178125, 2.866236559E-03, 11.9223499
	0.44178125, 2.932618241E-03, 11.236062
	0.45178125, 2.998999923E-03, 10.5287632
	0.46178125, 3.065381605E-03, 9.8013034
	0.47178125, 3.131763287E-03, 9.05464815
	0.48178125, 3.198144969E-03, 8.28990603
	0.49178125, 3.264526651E-03, 7.50834481
	0.50178125, 3.330908333E-03, 6.72525516
	0.51178125, 3.397290015E-03, 5.92003093
	0.52178125, 3.463671696E-03, 5.0989318
	0.53178125, 3.530053378E-03, 4.26458028
	0.54178125, 3.59643506E-03, 3.41492657
	0.55178125, 3.662816742E-03, 2.55042567
	0.56178125, 3.729198424E-03, 1.67128479
	0.57178125, 3.795580106E-03, 0.77731601
	0.58178125, 3.861961788E-03, -0.131639641
	0.59178125, 3.92834347E-03, -1.05575461
	0.60178125, 3.994725152E-03, -1.99530284
	0.61178125, 4.061106834E-03, -2.95055013
	0.62178125, 4.127488516E-03, -3.92185886
	0.63178125, 4.193870198E-03, -4.90965036
	0.64178125, 4.260251879E-03, -5.91121473
	0.65178125, 4.326633561E-03, -6.93679849
	0.66178125, 4.393015243E-03, -7.97598257
	0.67178125, 4.459396925E-03, -9.02979159
	0.68178125, 4.525778607E-03, -10.1170602
	0.69178125, 4.592160289E-03, -11.2183567
	0.70178125, 4.658541971E-03, -12.3348436
	0.71178125, 4.724923653E-03, -13.4648669
	0.72178125, 4.791305335E-03, -14.6582608
	0.73178125, 4.857687017E-03, -15.8633553
	0.74178125, 4.924068699E-03, -17.0808344
	0.75178125, 4.99045038E-03, -18.3014966
	0.76178125, 5.056832062E-03, -19.5113402
	0.77178125, 5.123213744E-03, -20.6834598
	0.78178125, 5.189595426E-03, -21.7107397
	0.79178125, 5.255977108E-03, -22.5873805
	0.80178125, 5.32235879E-03, -23.221539
	0.81178125, 5.388740472E-03, -23.5713763
	0.82178125, 5.455122154E-03, -23.6047119
	0.83178125, 5.521503836E-03, -23.3229927
	0.84178125, 5.587885518E-03, -22.747813
	0.85178125, 5.6542672E-03, -21.9089009
	0.86178125, 5.720648881E-03, -20.8351003
	0.87178125, 5.787030563E-03, -19.5496551
	0.88178125, 5.853412245E-03, -18.0705922
	0.89178125, 5.919793927E-03, -16.405983
	0.90178125, 5.986175609E-03, -14.5646228
	0.91178125, 6.052557291E-03, -12.550458
	0.92178125, 6.118938973E-03, -10.3653778
	0.93178125, 6.185320655E-03, -8.009844
	0.94178125, 6.251702337E-03, -5.48331372
	0.95178125, 6.318084019E-03, -2.78452225
	0.96178125, 6.384465701E-03, 8.832109695E-02
	0.97178125, 6.450847382E-03, 3.13740048
	0.98178125, 6.517229064E-03, 6.36519752
	0.99178125, 6.583610746E-03, 9.77443033
	1, 6.638168191E-03, 12.7142743
