 5.E-03, 4.E-04, 2.5E-03,2.5E-03, 3.E-03, 1.9E-02,5.E-03, 5.E-03, 2.E-03,3.5E-02, 4.E-03, 5.236E-02,0.2618, 5.236E-02, 0.349066667
	1.E-03, 1.098633808E-05, 0.372548511
	2.E-03, 2.197267617E-05, 0.741179031
	3.5E-03, 3.845218329E-05, 1.28682125
	5.75E-03, 6.317144398E-05, 2.08898635
	9.125E-03, 1.00250335E-04, 3.25603156
	1.41875E-02, 1.558686716E-04, 4.92679333
	2.178125E-02, 2.392961764E-04, 7.25924954
	3.178125E-02, 3.491595572E-04, 10.0290974
	4.178125E-02, 4.59022938E-04, 12.4792621
	5.178125E-02, 5.688863189E-04, 14.6358716
	6.178125E-02, 6.787496997E-04, 16.5248051
	7.178125E-02, 7.886130805E-04, 18.1710101
	8.178125E-02, 8.984764614E-04, 19.5979688
	9.178125E-02, 1.008339842E-03, 20.8273608
	0.10178125, 1.118203223E-03, 21.8788968
	0.11178125, 1.228066604E-03, 22.7702745
	0.12178125, 1.337929985E-03, 23.5172585
	0.13178125, 1.447793366E-03, 24.1337432
	0.14178125, 1.557656746E-03, 24.6318965
	0.15178125, 1.667520127E-03, 25.0218717
	0.16178125, 1.777383508E-03, 25.3137608
	0.17178125, 1.887246889E-03, 25.5139296
	0.18178125, 1.99711027E-03, 25.6340891
	0.19178125, 2.106973651E-03, 25.6547176
	0.20178125, 2.216837031E-03, 25.5976906
	0.21178125, 2.326700412E-03, 25.4734494
	0.22178125, 2.436563793E-03, 25.2862436
	0.23178125, 2.546427174E-03, 24.7363362
	0.24178125, 2.656290555E-03, 24.1718929
	0.25178125, 2.766153936E-03, 23.7743334
	0.26178125, 2.876017316E-03, 23.3291781
	0.27178125, 2.985880697E-03, 22.8414743
	0.28178125, 3.095744078E-03, 22.1716424
	0.29178125, 3.205607459E-03, 21.5753698
	0.30178125, 3.31547084E-03, 20.9593721
	0.31178125, 3.425334221E-03, 20.309045
	0.32178125, 3.535197601E-03, 19.627784
	0.33178125, 3.645060982E-03, 18.988099
	0.34178125, 3.754924363E-03, 18.3184378
	0.35178125, 3.864787744E-03, 17.6215921
	0.36178125, 3.974651125E-03, 16.8982602
	0.37178125, 4.084514506E-03, 16.14941
	0.38178125, 4.194377886E-03, 15.3756783
	0.39178125, 4.304241267E-03, 14.5768907
	0.40178125, 4.414104648E-03, 13.7512856
	0.41178125, 4.523968029E-03, 12.9498349
	0.42178125, 4.63383141E-03, 12.0468181
	0.43178125, 4.743694791E-03, 10.9390886
	0.43678125, 4.798626481E-03, 10.3547807
	0.44178125, 4.853558171E-03, 9.38306178
	0.44678125, 4.908489862E-03, 8.78148546
	0.45428125, 4.990887397E-03, 7.90700608
	0.46428125, 5.100750778E-03, 7.08854862
	0.47428125, 5.210614159E-03, 6.22159949
	0.48428125, 5.32047754E-03, 5.35328526
	0.49428125, 5.430340921E-03, 4.50563827
	0.50428125, 5.540204302E-03, 3.66716182
	0.51428125, 5.650067682E-03, 2.83542963
	0.52428125, 5.759931063E-03, 2.00733418
	0.53428125, 5.869794444E-03, 1.18046673
	0.54428125, 5.979657825E-03, 0.352789949
	0.55428125, 6.089521206E-03, -0.477386638
	0.56428125, 6.199384587E-03, -1.31152689
	0.57428125, 6.309247967E-03, -2.15101852
	0.58428125, 6.419111348E-03, -2.99713809
	0.59428125, 6.528974729E-03, -3.85110852
	0.60428125, 6.63883811E-03, -4.71412564
	0.61428125, 6.748701491E-03, -5.57465546
	0.62428125, 6.858564872E-03, -6.47209712
	0.63428125, 6.968428252E-03, -7.36754664
	0.64428125, 7.078291633E-03, -8.25896815
	0.65428125, 7.188155014E-03, -9.20774643
	0.66428125, 7.298018395E-03, -10.1536774
	0.67428125, 7.407881776E-03, -11.0939934
	0.68428125, 7.517745157E-03, -12.0261011
	0.69428125, 7.627608537E-03, -13.100715
	0.70428125, 7.737471918E-03, -14.1748526
	0.71428125, 7.847335299E-03, -15.2446713
	0.72428125, 7.95719868E-03, -16.3061358
	0.73428125, 8.067062061E-03, -17.3557158
	0.74428125, 8.176925442E-03, -18.5535873
	0.75428125, 8.286788822E-03, -19.7560316
	0.76428125, 8.396652203E-03, -21.0103713
	0.77428125, 8.506515584E-03, -22.3254724
	0.78428125, 8.616378965E-03, -23.7146128
	0.79428125, 8.726242346E-03, -25.1950825
	0.80428125, 8.836105727E-03, -26.7832206
	0.81428125, 8.945969107E-03, -28.4867455
	0.82428125, 9.055832488E-03, -30.3340233
	0.83428125, 9.165695869E-03, -32.4284875
	0.84428125, 9.27555925E-03, -35.1039392
	0.85428125, 9.385422631E-03, -37.5118506
	0.86178125, 9.467820166E-03, -38.0115098
	0.86928125, 9.550217702E-03, -36.9825661
	0.87928125, 9.660081083E-03, -34.7683842
	0.88928125, 9.769944464E-03, -31.9399348
	0.89928125, 9.879807845E-03, -28.6902968
	0.90928125, 9.989671225E-03, -25.0915111
	0.91928125, 1.009953461E-02, -21.1695397
	0.92928125, 1.020939799E-02, -16.9326138
	0.93928125, 1.031926137E-02, -12.3815548
	0.94928125, 1.042912475E-02, -7.51368571
	0.95928125, 1.053898813E-02, -2.32451406
	0.96928125, 1.064885151E-02, 3.1914921
	0.97928125, 1.075871489E-02, 9.04059761
	0.98928125, 1.086857827E-02, 15.2293324
	0.994640625, 1.092745818E-02, 18.6882384
	1, 1.098633808E-02, 22.2478629
