 5.E-03, 4.E-04, 2.5E-03,2.5E-03, 3.E-03, 1.3E-02,5.E-03, 5.E-03, 2.E-03,3.5E-02, 4.E-03, 5.236E-02,0.2618, 5.236E-02, 0.349066667
	1.E-03, 7.725210664E-06, 0.260963752
	2.E-03, 1.545042133E-05, 0.519750966
	3.5E-03, 2.703823732E-05, 0.903871125
	5.75E-03, 4.441996132E-05, 1.47097826
	9.125E-03, 7.049254731E-05, 2.30143978
	1.41875E-02, 1.096014263E-04, 3.5024232
	2.178125E-02, 1.682647448E-04, 5.20584892
	3.178125E-02, 2.455168514E-04, 7.27629991
	4.178125E-02, 3.227689581E-04, 9.15994229
	5.178125E-02, 4.000210647E-04, 10.867281
	6.178125E-02, 4.772731713E-04, 12.4087922
	7.178125E-02, 5.54525278E-04, 13.79481
	8.178125E-02, 6.317773846E-04, 15.0353983
	9.178125E-02, 7.090294913E-04, 16.1402501
	0.10178125, 7.862815979E-04, 17.1186096
	0.11178125, 8.635337046E-04, 17.9792173
	0.12178125, 9.407858112E-04, 18.7302757
	0.13178125, 1.018037918E-03, 19.3794336
	0.14178125, 1.095290024E-03, 19.9337845
	0.15178125, 1.172542131E-03, 20.3998781
	0.16178125, 1.249794238E-03, 20.7842575
	0.17178125, 1.327046344E-03, 21.0908592
	0.18178125, 1.404298451E-03, 21.3268468
	0.19178125, 1.481550558E-03, 21.4947743
	0.20178125, 1.558802664E-03, 21.600768
	0.21178125, 1.636054771E-03, 21.6468722
	0.22178125, 1.713306878E-03, 21.6380808
	0.23178125, 1.790558984E-03, 21.576223
	0.24178125, 1.867811091E-03, 21.4649841
	0.25178125, 1.945063198E-03, 21.3063555
	0.26178125, 2.022315304E-03, 21.102259
	0.27178125, 2.099567411E-03, 20.8554248
	0.28178125, 2.176819517E-03, 20.5691292
	0.29178125, 2.254071624E-03, 20.2335136
	0.30178125, 2.331323731E-03, 19.8594202
	0.31178125, 2.408575837E-03, 19.4497808
	0.32178125, 2.485827944E-03, 19.0058519
	0.33178125, 2.563080051E-03, 18.529053
	0.34178125, 2.640332157E-03, 17.9506607
	0.35178125, 2.717584264E-03, 17.3893696
	0.36178125, 2.794836371E-03, 16.7977054
	0.37178125, 2.872088477E-03, 16.1776287
	0.38178125, 2.949340584E-03, 15.5304254
	0.39178125, 3.026592691E-03, 14.857661
	0.40178125, 3.103844797E-03, 14.1610322
	0.41178125, 3.181096904E-03, 13.4424026
	0.42178125, 3.25834901E-03, 12.763461
	0.43178125, 3.335601117E-03, 12.0369638
	0.44178125, 3.412853224E-03, 11.2908487
	0.45178125, 3.49010533E-03, 10.5263978
	0.46178125, 3.567357437E-03, 9.74494924
	0.47178125, 3.644609544E-03, 8.96528123
	0.48178125, 3.72186165E-03, 8.16232312
	0.49178125, 3.799113757E-03, 7.3433367
	0.50178125, 3.876365864E-03, 6.51439648
	0.51178125, 3.95361797E-03, 5.6694151
	0.52178125, 4.030870077E-03, 4.80992369
	0.53178125, 4.108122184E-03, 3.93629218
	0.54178125, 4.18537429E-03, 3.04821369
	0.55178125, 4.262626397E-03, 2.14553348
	0.56178125, 4.339878503E-03, 1.22810121
	0.57178125, 4.41713061E-03, 0.29574723
	0.58178125, 4.494382717E-03, -0.651588957
	0.59178125, 4.571634823E-03, -1.61389753
	0.60178125, 4.64888693E-03, -2.59100957
	0.61178125, 4.726139037E-03, -3.58245032
	0.62178125, 4.803391143E-03, -4.58743046
	0.63178125, 4.88064325E-03, -5.60486927
	0.64178125, 4.957895357E-03, -6.6336672
	0.65178125, 5.035147463E-03, -7.67317765
	0.66178125, 5.11239957E-03, -8.71627349
	0.67178125, 5.189651677E-03, -9.78647089
	0.68178125, 5.266903783E-03, -10.8606853
	0.69178125, 5.34415589E-03, -11.9380978
	0.70178125, 5.421407996E-03, -13.074975
	0.71178125, 5.498660103E-03, -14.2216779
	0.72178125, 5.57591221E-03, -15.3779657
	0.73178125, 5.653164316E-03, -16.5411618
	0.74178125, 5.730416423E-03, -17.8396564
	0.75178125, 5.80766853E-03, -19.1600537
	0.76178125, 5.884920636E-03, -20.505048
	0.77178125, 5.962172743E-03, -21.8705855
	0.78178125, 6.03942485E-03, -23.4063765
	0.79178125, 6.116676956E-03, -25.0100803
	0.80178125, 6.193929063E-03, -26.7114684
	0.81178125, 6.271181169E-03, -27.9640584
	0.82178125, 6.348433276E-03, -28.5805815
	0.83178125, 6.425685383E-03, -28.6519929
	0.84178125, 6.502937489E-03, -28.2085182
	0.85178125, 6.580189596E-03, -27.3090096
	0.86178125, 6.657441703E-03, -26.0395071
	0.87178125, 6.734693809E-03, -24.4721501
	0.88178125, 6.811945916E-03, -22.6530523
	0.89178125, 6.889198023E-03, -20.6095685
	0.90178125, 6.966450129E-03, -18.3517493
	0.91178125, 7.043702236E-03, -15.8884362
	0.92178125, 7.120954343E-03, -13.2219881
	0.93178125, 7.198206449E-03, -10.3524582
	0.94178125, 7.275458556E-03, -7.2784725
	0.95178125, 7.352710662E-03, -3.99774637
	0.96178125, 7.429962769E-03, -0.507386036
	0.97178125, 7.507214876E-03, 3.19592753
	0.98178125, 7.584466982E-03, 7.11581819
	0.99178125, 7.661719089E-03, 11.2561432
	1, 7.725210664E-03, 14.8268387
