 5.E-03, 4.E-04, 2.5E-03,2.5E-03, 3.E-03, 1.7E-02,5.E-03, 5.E-03, 2.E-03,3.5E-02, 4.E-03, 5.236E-02,0.2618, 5.236E-02, 0.349066667
	1.E-03, 9.89929561E-06, 0.336176768
	2.E-03, 1.979859122E-05, 0.669055494
	3.5E-03, 3.464753464E-05, 1.16222495
	5.75E-03, 5.692094976E-05, 1.88825251
	9.125E-03, 9.033107244E-05, 2.94678341
	1.41875E-02, 1.404462565E-04, 4.46723632
	2.178125E-02, 2.156190325E-04, 6.60098687
	3.178125E-02, 3.146119886E-04, 9.15434287
	4.178125E-02, 4.136049447E-04, 11.4340457
	5.178125E-02, 5.125979008E-04, 13.460505
	6.178125E-02, 6.115908569E-04, 15.2523614
	7.178125E-02, 7.10583813E-04, 16.8309291
	8.178125E-02, 8.095767691E-04, 18.2129944
	9.178125E-02, 9.085697252E-04, 19.416444
	0.10178125, 1.007562681E-03, 20.4573029
	0.11178125, 1.106555637E-03, 21.3502261
	0.12178125, 1.205548594E-03, 22.1084933
	0.13178125, 1.30454155E-03, 22.7440443
	0.14178125, 1.403534506E-03, 23.2675699
	0.15178125, 1.502527462E-03, 23.6885582
	0.16178125, 1.601520418E-03, 24.0153936
	0.17178125, 1.700513374E-03, 24.2552283
	0.18178125, 1.79950633E-03, 24.4149112
	0.19178125, 1.898499286E-03, 24.4992932
	0.20178125, 1.997492242E-03, 24.5168824
	0.21178125, 2.096485198E-03, 24.4550054
	0.22178125, 2.195478155E-03, 24.3293593
	0.23178125, 2.294471111E-03, 24.1473304
	0.24178125, 2.393464067E-03, 23.9118818
	0.25178125, 2.492457023E-03, 23.4749621
	0.26178125, 2.591449979E-03, 23.0219467
	0.27178125, 2.690442935E-03, 22.5500238
	0.28178125, 2.789435891E-03, 22.0221779
	0.29178125, 2.888428847E-03, 21.4627151
	0.30178125, 2.987421803E-03, 20.8780584
	0.31178125, 3.08641476E-03, 20.2716398
	0.32178125, 3.185407716E-03, 19.630684
	0.33178125, 3.284400672E-03, 18.9585802
	0.34178125, 3.383393628E-03, 18.3394927
	0.35178125, 3.482386584E-03, 17.6914116
	0.36178125, 3.58137954E-03, 17.0166552
	0.37178125, 3.680372496E-03, 16.315977
	0.38178125, 3.779365452E-03, 15.5906231
	0.39178125, 3.878358408E-03, 14.8419194
	0.40178125, 3.977351364E-03, 14.0711681
	0.41178125, 4.076344321E-03, 13.2795221
	0.42178125, 4.175337277E-03, 12.4677543
	0.43178125, 4.274330233E-03, 11.677894
	0.44178125, 4.373323189E-03, 10.8494553
	0.45178125, 4.472316145E-03, 9.9961804
	0.46178125, 4.571309101E-03, 9.10424972
	0.47178125, 4.670302057E-03, 8.14622671
	0.48178125, 4.769295013E-03, 7.01138888
	0.49178125, 4.868287969E-03, 5.81687647
	0.50178125, 4.967280925E-03, 4.77737838
	0.51178125, 5.066273882E-03, 3.75868147
	0.52178125, 5.165266838E-03, 2.88654246
	0.53178125, 5.264259794E-03, 1.99145706
	0.54178125, 5.36325275E-03, 1.10647451
	0.55178125, 5.462245706E-03, 0.228698039
	0.56178125, 5.561238662E-03, -0.645916399
	0.57178125, 5.660231618E-03, -1.5205527
	0.58178125, 5.759224574E-03, -2.39749446
	0.59178125, 5.85821753E-03, -3.27883607
	0.60178125, 5.957210486E-03, -4.16637996
	0.61178125, 6.056203443E-03, -5.06177924
	0.62178125, 6.155196399E-03, -5.95503822
	0.63178125, 6.254189355E-03, -6.88238964
	0.64178125, 6.353182311E-03, -7.80883827
	0.65178125, 6.452175267E-03, -8.73277568
	0.66178125, 6.551168223E-03, -9.71116068
	0.67178125, 6.650161179E-03, -10.6886985
	0.68178125, 6.749154135E-03, -11.6631229
	0.69178125, 6.848147091E-03, -12.6320266
	0.70178125, 6.947140048E-03, -13.7384812
	0.71178125, 7.046133004E-03, -14.8478295
	0.72178125, 7.14512596E-03, -15.9568177
	0.73178125, 7.244118916E-03, -17.0616296
	0.74178125, 7.343111872E-03, -18.1589075
	0.75178125, 7.442104828E-03, -19.412698
	0.76178125, 7.541097784E-03, -20.6659773
	0.77178125, 7.64009074E-03, -21.9172532
	0.78178125, 7.739083696E-03, -23.3906886
	0.79178125, 7.838076652E-03, -24.8720908
	0.80178125, 7.937069609E-03, -26.4692219
	0.81178125, 8.036062565E-03, -28.2176024
	0.82178125, 8.135055521E-03, -30.1857208
	0.83178125, 8.234048477E-03, -32.5710446
	0.83678125, 8.283544955E-03, -34.3648546
	0.83803125, 8.295919074E-03, -34.7732642
	0.838109375, 8.296692457E-03, -34.368203
	0.838167969, 8.297272494E-03, -34.5671088
	0.838226563, 8.297852531E-03, -34.6247917
	0.838314453, 8.298722586E-03, -34.6550777
	0.838446289, 8.300027669E-03, -34.6914819
	0.838644043, 8.301985293E-03, -34.7464561
	0.838940674, 8.30492173E-03, -34.8295461
	0.83938562, 8.309326385E-03, -34.9545078
	0.84005304, 8.315933367E-03, -35.1400272
	0.841054169, 8.32584384E-03, -35.4072493
	0.841805016, 8.333276695E-03, -36.0504859
	0.842555862, 8.34070955E-03, -36.1277186
	0.843682133, 8.351858833E-03, -36.1473945
	0.844808403, 8.363008116E-03, -36.1576574
	0.846497808, 8.379732039E-03, -36.1536751
	0.849031917, 8.404817925E-03, -36.1009352
	0.852833079, 8.442446754E-03, -35.9110134
	0.858534822, 8.498889997E-03, -35.3642096
	0.867087437, 8.583554862E-03, -34.0190646
	0.877087437, 8.682547818E-03, -31.8678163
	0.887087437, 8.781540774E-03, -29.2974868
	0.897087437, 8.88053373E-03, -26.4057883
	0.907087437, 8.979526686E-03, -23.2270395
	0.917087437, 9.078519642E-03, -19.7732706
	0.927087437, 9.177512598E-03, -16.0472979
	0.937087437, 9.276505554E-03, -12.0479234
	0.947087437, 9.37549851E-03, -7.7714844
	0.957087437, 9.474491466E-03, -3.21373871
	0.967087437, 9.573484423E-03, 1.63044715
	0.977087437, 9.672477379E-03, 6.76661993
	0.987087437, 9.771470335E-03, 12.2006299
	0.993543719, 9.835382973E-03, 15.8699936
	1, 9.89929561E-03, 19.6677413
