 5.E-03, 4.E-04, 2.5E-03,2.5E-03, 3.E-03, 1.4E-02,5.E-03, 5.E-03, 2.E-03,3.5E-02, 4.E-03, 5.236E-02,0.2618, 5.236E-02, 0.349066667
	1.E-03, 8.268731901E-06, 0.280082542
	2.E-03, 1.65374638E-05, 0.557724379
	3.5E-03, 2.894056165E-05, 0.969634717
	5.75E-03, 4.754520843E-05, 1.57733056
	9.125E-03, 7.545217859E-05, 2.466244
	1.41875E-02, 1.173126338E-04, 3.74956089
	2.178125E-02, 1.801033167E-04, 5.56491109
	3.178125E-02, 2.627906357E-04, 7.76279364
	4.178125E-02, 3.454779547E-04, 9.75297847
	5.178125E-02, 4.281652737E-04, 11.5479966
	6.178125E-02, 5.108525927E-04, 13.1603508
	7.178125E-02, 5.935399117E-04, 14.6023459
	8.178125E-02, 6.762272308E-04, 15.8859158
	9.178125E-02, 7.589145498E-04, 17.0224893
	0.10178125, 8.416018688E-04, 18.0228903
	0.11178125, 9.242891878E-04, 18.8972741
	0.12178125, 1.006976507E-03, 19.6550905
	0.13178125, 1.089663826E-03, 20.3057003
	0.14178125, 1.172351145E-03, 20.8552375
	0.15178125, 1.255038464E-03, 21.3135977
	0.16178125, 1.337725783E-03, 21.6849179
	0.17178125, 1.420413102E-03, 21.977783
	0.18178125, 1.503100421E-03, 22.1953159
	0.19178125, 1.58578774E-03, 22.3447058
	0.20178125, 1.668475059E-03, 22.4284505
	0.21178125, 1.751162378E-03, 22.452197
	0.22178125, 1.833849697E-03, 22.4182793
	0.23178125, 1.916537016E-03, 22.3303701
	0.24178125, 1.999224335E-03, 22.1913002
	0.25178125, 2.081911654E-03, 22.0055418
	0.26178125, 2.164598973E-03, 21.7639906
	0.27178125, 2.247286292E-03, 21.477547
	0.28178125, 2.329973611E-03, 21.1501339
	0.29178125, 2.41266093E-03, 20.7833468
	0.30178125, 2.495348249E-03, 20.3790165
	0.31178125, 2.578035568E-03, 19.8198858
	0.32178125, 2.660722887E-03, 19.3019987
	0.33178125, 2.743410206E-03, 18.7479065
	0.34178125, 2.826097525E-03, 18.1604447
	0.35178125, 2.908784844E-03, 17.5412454
	0.36178125, 2.991472163E-03, 16.8923032
	0.37178125, 3.074159482E-03, 16.2157473
	0.38178125, 3.156846801E-03, 15.5138656
	0.39178125, 3.23953412E-03, 14.8980574
	0.40178125, 3.322221439E-03, 14.1993478
	0.41178125, 3.404908758E-03, 13.479039
	0.42178125, 3.487596077E-03, 12.7387353
	0.43178125, 3.570283396E-03, 11.9797482
	0.44178125, 3.652970715E-03, 11.2312576
	0.45178125, 3.735658034E-03, 10.4529566
	0.46178125, 3.818345353E-03, 9.65717177
	0.47178125, 3.901032672E-03, 8.84524068
	0.48178125, 3.983719991E-03, 8.03311603
	0.49178125, 4.06640731E-03, 7.19748196
	0.50178125, 4.149094629E-03, 6.34562239
	0.51178125, 4.231781948E-03, 5.48140003
	0.52178125, 4.314469267E-03, 4.60043705
	0.53178125, 4.397156586E-03, 3.70231618
	0.54178125, 4.479843905E-03, 2.78692939
	0.55178125, 4.562531224E-03, 1.85502615
	0.56178125, 4.645218543E-03, 0.903388412
	0.57178125, 4.727905862E-03, -7.46403488E-02
	0.58178125, 4.810593181E-03, -1.06822836
	0.59178125, 4.8932805E-03, -2.07482824
	0.60178125, 4.975967819E-03, -3.08379328
	0.61178125, 5.058655138E-03, -4.08794168
	0.62178125, 5.141342457E-03, -5.08674123
	0.63178125, 5.224029776E-03, -6.08362911
	0.64178125, 5.306717095E-03, -7.08284744
	0.65178125, 5.389404414E-03, -8.08832499
	0.66178125, 5.472091733E-03, -9.09072284
	0.67178125, 5.554779052E-03, -10.132006
	0.68178125, 5.637466371E-03, -11.1759235
	0.69178125, 5.72015369E-03, -12.2210912
	0.70178125, 5.802841009E-03, -13.3278577
	0.71178125, 5.885528328E-03, -14.440363
	0.72178125, 5.968215647E-03, -15.5575525
	0.73178125, 6.050902966E-03, -16.6767304
	0.74178125, 6.133590285E-03, -17.9844437
	0.75178125, 6.216277604E-03, -19.3114832
	0.76178125, 6.298964923E-03, -20.658177
	0.77178125, 6.381652242E-03, -22.0218745
	0.78178125, 6.464339561E-03, -23.3994662
	0.79178125, 6.54702688E-03, -25.0731468
	0.80178125, 6.629714199E-03, -26.8462104
	0.81178125, 6.712401518E-03, -28.9201896
	0.82178125, 6.795088837E-03, -30.4958253
	0.83178125, 6.877776156E-03, -30.8966057
	0.84178125, 6.960463475E-03, -30.6575417
	0.85178125, 7.043150794E-03, -29.8138391
	0.86178125, 7.125838113E-03, -28.4840873
	0.87178125, 7.208525432E-03, -26.7895943
	0.88178125, 7.291212751E-03, -24.8072198
	0.89178125, 7.37390007E-03, -22.5780594
	0.90178125, 7.456587389E-03, -20.1159954
	0.91178125, 7.539274708E-03, -17.4323262
	0.92178125, 7.621962027E-03, -14.5295084
	0.93178125, 7.704649346E-03, -11.4072277
	0.94178125, 7.787336665E-03, -8.06358591
	0.95178125, 7.870023984E-03, -4.49572015
	0.96178125, 7.952711303E-03, -0.700142341
	0.97178125, 8.035398622E-03, 3.32705346
	0.98178125, 8.118085941E-03, 7.59007234
	0.99178125, 8.20077326E-03, 12.0933453
	1, 8.268731901E-03, 15.9775724
