 1.457E-02
	1.E-03, 3.E-05, 3.501514133E-03
	2.E-03, 6.E-05, 7.003029227E-03
	3.5E-03, 1.05E-04, 1.225530432E-02
	5.75E-03, 1.725E-04, 2.013372522E-02
	9.125E-03, 2.7375E-04, 3.195138481E-02
	1.41875E-02, 4.25625E-04, 4.967796842E-02
	2.178125E-02, 6.534375E-04, 7.626816121E-02
	3.178125E-02, 9.534375E-04, 0.11128492
	4.178125E-02, 1.2534375E-03, 0.146303106
	5.178125E-02, 1.5534375E-03, 0.181323152
	6.178125E-02, 1.8534375E-03, 0.216345473
	7.178125E-02, 2.1534375E-03, 0.251370499
	8.178125E-02, 2.4534375E-03, 0.286398661
	9.178125E-02, 2.7534375E-03, 0.321430389
	0.10178125, 3.0534375E-03, 0.356466115
	0.11178125, 3.3534375E-03, 0.391506267
	0.12178125, 3.6534375E-03, 0.426551278
	0.13178125, 3.9534375E-03, 0.461601579
	0.14178125, 4.2534375E-03, 0.496657599
	0.15178125, 4.5534375E-03, 0.531719772
	0.16178125, 4.8534375E-03, 0.566788528
	0.17178125, 5.1534375E-03, 0.601864298
	0.18178125, 5.4534375E-03, 0.636947516
	0.19178125, 5.7534375E-03, 0.672038612
	0.20178125, 6.0534375E-03, 0.707138021
	0.21178125, 6.3534375E-03, 0.742246174
	0.22178125, 6.6534375E-03, 0.777363505
	0.23178125, 6.9534375E-03, 0.812490448
	0.24178125, 7.2534375E-03, 0.847627436
	0.25178125, 7.5534375E-03, 0.882774904
	0.26178125, 7.8534375E-03, 0.917933287
	0.27178125, 8.1534375E-03, 0.953103019
	0.28178125, 8.4534375E-03, 0.988284538
	0.29178125, 8.7534375E-03, 1.02347828
	0.30178125, 9.0534375E-03, 1.05868468
	0.31178125, 9.3534375E-03, 1.09390417
	0.32178125, 9.6534375E-03, 1.1291372
	0.33178125, 9.9534375E-03, 1.16438421
	0.34178125, 1.02534375E-02, 1.19964562
	0.35178125, 1.05534375E-02, 1.23492189
	0.36178125, 1.08534375E-02, 1.27021345
	0.37178125, 1.11534375E-02, 1.30552074
	0.38178125, 1.14534375E-02, 1.34084421
	0.39178125, 1.17534375E-02, 1.3761843
	0.40178125, 1.20534375E-02, 1.41154144
	0.41178125, 1.23534375E-02, 1.4469161
	0.42178125, 1.26534375E-02, 1.4823087
	0.43178125, 1.29534375E-02, 1.5177197
	0.44178125, 1.32534375E-02, 1.55314955
	0.45178125, 1.35534375E-02, 1.58859868
	0.46178125, 1.38534375E-02, 1.62406756
	0.47178125, 1.41534375E-02, 1.65955662
	0.48178125, 1.44534375E-02, 1.69506632
	0.49178125, 1.47534375E-02, 1.73059711
	0.50178125, 1.50534375E-02, 1.76614944
	0.51178125, 1.53534375E-02, 1.80172377
	0.52178125, 1.56534375E-02, 1.83732055
	0.53178125, 1.59534375E-02, 1.87294024
	0.54178125, 1.62534375E-02, 1.90858328
	0.55178125, 1.65534375E-02, 1.94425015
	0.56178125, 1.68534375E-02, 1.97994129
	0.57178125, 1.71534375E-02, 2.01565717
	0.58178125, 1.74534375E-02, 2.05139825
	0.59178125, 1.77534375E-02, 2.087165
	0.60178125, 1.80534375E-02, 2.12295786
	0.61178125, 1.83534375E-02, 2.15877732
	0.62178125, 1.86534375E-02, 2.19462383
	0.63178125, 1.89534375E-02, 2.23049786
	0.64178125, 1.92534375E-02, 2.26639988
	0.65178125, 1.95534375E-02, 2.30233037
	0.66178125, 1.98534375E-02, 2.33828978
	0.67178125, 2.01534375E-02, 2.3742786
	0.68178125, 2.04534375E-02, 2.4102973
	0.69178125, 2.07534375E-02, 2.44634635
	0.70178125, 2.10534375E-02, 2.48242624
	0.71178125, 2.13534375E-02, 2.51853743
	0.72178125, 2.16534375E-02, 2.55468041
	0.73178125, 2.19534375E-02, 2.59085566
	0.74178125, 2.22534375E-02, 2.62706367
	0.75178125, 2.25534375E-02, 2.66330491
	0.76178125, 2.28534375E-02, 2.69957988
	0.77178125, 2.31534375E-02, 2.73588907
	0.78178125, 2.34534375E-02, 2.77223295
	0.79178125, 2.37534375E-02, 2.80861203
	0.80178125, 2.40534375E-02, 2.84502679
	0.81178125, 2.43534375E-02, 2.88147773
	0.82178125, 2.46534375E-02, 2.91796535
	0.83178125, 2.49534375E-02, 2.95449015
	0.84178125, 2.52534375E-02, 2.99105262
	0.85178125, 2.55534375E-02, 3.02765327
	0.86178125, 2.58534375E-02, 3.0642926
	0.87178125, 2.61534375E-02, 3.10097111
	0.88178125, 2.64534375E-02, 3.13768932
	0.89178125, 2.67534375E-02, 3.17444773
	0.90178125, 2.70534375E-02, 3.21124686
	0.91178125, 2.73534375E-02, 3.24808722
	0.92178125, 2.76534375E-02, 3.28496932
	0.93178125, 2.79534375E-02, 3.32189368
	0.94178125, 2.82534375E-02, 3.35886083
	0.95178125, 2.85534375E-02, 3.39587128
	0.96178125, 2.88534375E-02, 3.43292555
	0.97178125, 2.91534375E-02, 3.47002418
	0.98178125, 2.94534375E-02, 3.5071677
	0.99178125, 2.97534375E-02, 3.54435662
	1, 3.E-02, 3.57495661
