 5.E-03, 4.E-04, 2.5E-03,2.5E-03, 4.E-03, 2.4E-02,5.E-03, 6.E-03, 2.E-03,3.5E-02, 6.E-03, 0,0.139626667, 0, 0.383973333
	1.E-03, 3.345244314E-05, 0.156294648
	2.E-03, 6.690488627E-05, 0.307531249
	3.5E-03, 1.17083551E-04, 0.525132136
	5.75E-03, 1.92351548E-04, 0.831408011
	9.125E-03, 3.052535436E-04, 1.24783676
	1.41875E-02, 4.74606537E-04, 1.78326353
	2.178125E-02, 7.28636027E-04, 2.40942344
	3.178125E-02, 1.063160458E-03, 2.96549887
	4.178125E-02, 1.39768489E-03, 3.28223398
	5.178125E-02, 1.732209321E-03, 3.41802768
	6.178125E-02, 2.066733752E-03, 3.41877179
	7.178125E-02, 2.401258184E-03, 3.32000986
	8.178125E-02, 2.735782615E-03, 3.14909724
	9.178125E-02, 3.070307047E-03, 2.92707753
	0.10178125, 3.404831478E-03, 2.66955855
	0.11178125, 3.739355909E-03, 2.39047517
	0.12178125, 4.073880341E-03, 2.09900147
	0.13178125, 4.408404772E-03, 1.80283932
	0.14178125, 4.742929203E-03, 1.50812635
	0.15178125, 5.077453635E-03, 1.22011887
	0.16178125, 5.411978066E-03, 0.941611338
	0.17178125, 5.746502497E-03, 0.677142256
	0.18178125, 6.081026929E-03, 0.427933705
	0.19178125, 6.41555136E-03, 0.196966701
	0.20178125, 6.750075791E-03, -1.435949855E-02
	0.21178125, 7.084600223E-03, -0.204714714
	0.22178125, 7.419124654E-03, -0.372974064
	0.23178125, 7.753649085E-03, -0.518214372
	0.24178125, 8.088173517E-03, -0.639690318
	0.25178125, 8.422697948E-03, -0.736822945
	0.26178125, 8.75722238E-03, -0.809225173
	0.27178125, 9.091746811E-03, -0.856753546
	0.28178125, 9.426271242E-03, -0.879597075
	0.29178125, 9.760795674E-03, -0.878390626
	0.30178125, 1.00953201E-02, -0.854332597
	0.31178125, 1.042984454E-02, -0.809262117
	0.32178125, 1.076436897E-02, -0.745656205
	0.33178125, 1.10988934E-02, -0.666522444
	0.34178125, 1.143341783E-02, -0.57519388
	0.35178125, 1.176794226E-02, -0.475084494
	0.36178125, 1.210246669E-02, -0.369452958
	0.37178125, 1.243699112E-02, -0.261220662
	0.38178125, 1.277151556E-02, -0.152855168
	0.39178125, 1.310603999E-02, -4.631884739E-02
	0.40178125, 1.344056442E-02, 5.69382273E-02
	0.41178125, 1.377508885E-02, 0.155950324
	0.42178125, 1.410961328E-02, 0.250191893
	0.43178125, 1.444413771E-02, 0.339524077
	0.44178125, 1.477866214E-02, 0.424136487
	0.45178125, 1.511318658E-02, 0.504490327
	0.46178125, 1.544771101E-02, 0.581263071
	0.47178125, 1.578223544E-02, 0.655294371
	0.48178125, 1.611675987E-02, 0.727539901
	0.49178125, 1.64512843E-02, 0.799020778
	0.50178125, 1.678580873E-02, 0.870783467
	0.51178125, 1.712033316E-02, 0.943858157
	0.52178125, 1.745485759E-02, 1.01921827
	0.53178125, 1.778938203E-02, 1.09774421
	0.54178125, 1.812390646E-02, 1.18018232
	0.55178125, 1.845843089E-02, 1.26710663
	0.56178125, 1.879295532E-02, 1.35887677
	0.57178125, 1.912747975E-02, 1.45559117
	0.58178125, 1.946200418E-02, 1.5570384
	0.59178125, 1.979652861E-02, 1.66262167
	0.60178125, 2.013105305E-02, 1.77134089
	0.61178125, 2.046557748E-02, 1.88173307
	0.62178125, 2.080010191E-02, 1.99178866
	0.63178125, 2.113462634E-02, 2.09894019
	0.64178125, 2.146915077E-02, 2.20007513
	0.65178125, 2.18036752E-02, 2.29161411
	0.66178125, 2.213819963E-02, 2.36968161
	0.67178125, 2.247272407E-02, 2.43035582
	0.68178125, 2.28072485E-02, 2.46997315
	0.69178125, 2.314177293E-02, 2.48540538
	0.70178125, 2.347629736E-02, 2.47422797
	0.71178125, 2.381082179E-02, 2.43474768
	0.72178125, 2.414534622E-02, 2.36721799
	0.73178125, 2.447987065E-02, 2.26866378
	0.74178125, 2.481439508E-02, 2.139654
	0.75178125, 2.514891952E-02, 1.98033551
	0.76178125, 2.548344395E-02, 1.7900739
	0.77178125, 2.581796838E-02, 1.57153727
	0.78178125, 2.615249281E-02, 1.32434308
	0.79178125, 2.648701724E-02, 1.04993258
	0.80178125, 2.682154167E-02, 0.750674291
	0.81178125, 2.71560661E-02, 0.430307022
	0.82178125, 2.749059054E-02, 9.443220829E-02
	0.83178125, 2.782511497E-02, -0.247994923
	0.84178125, 2.81596394E-02, -0.589199051
	0.85178125, 2.849416383E-02, -0.914351569
	0.86178125, 2.882868826E-02, -1.20442225
	0.87178125, 2.916321269E-02, -1.44937008
	0.88178125, 2.949773712E-02, -1.62373738
	0.89178125, 2.983226155E-02, -1.71938656
	0.90178125, 3.016678599E-02, -1.72081982
	0.91178125, 3.050131042E-02, -1.61744476
	0.92178125, 3.083583485E-02, -1.40073636
	0.93178125, 3.117035928E-02, -1.06339864
	0.94178125, 3.150488371E-02, -0.598383899
	0.95178125, 3.183940814E-02, 2.035801718E-03
	0.96178125, 3.217393257E-02, 0.747061755
	0.97178125, 3.250845701E-02, 1.64804553
	0.98178125, 3.284298144E-02, 2.71906028
	0.99178125, 3.317750587E-02, 3.97744463
	1, 3.345244314E-02, 5.16670414
