 6.4E-03
	1.E-03, 3.E-05, 3.542847498E-03
	2.E-03, 6.E-05, 7.086030891E-03
	3.5E-03, 1.05E-04, 1.240136723E-02
	5.75E-03, 1.725E-04, 2.037539028E-02
	9.125E-03, 2.7375E-04, 3.233909776E-02
	1.41875E-02, 4.25625E-04, 5.028653454E-02
	2.178125E-02, 6.534375E-04, 7.72186546E-02
	2.9375E-02, 8.8125E-04, 0.104153886
	3.9375E-02, 1.18125E-03, 0.139640674
	4.9375E-02, 1.48125E-03, 0.175135869
	5.9375E-02, 1.78125E-03, 0.210641994
	6.9375E-02, 2.08125E-03, 0.246163557
	7.9375E-02, 2.38125E-03, 0.281701153
	8.9375E-02, 2.68125E-03, 0.317254162
	9.9375E-02, 2.98125E-03, 0.35282197
	0.109375, 3.28125E-03, 0.388404853
	0.119375, 3.58125E-03, 0.424004403
	0.129375, 3.88125E-03, 0.459622319
	0.139375, 4.18125E-03, 0.495259663
	0.149375, 4.48125E-03, 0.530917149
	0.159375, 4.78125E-03, 0.566595531
	0.169375, 5.08125E-03, 0.602295709
	0.179375, 5.38125E-03, 0.63801866
	0.189375, 5.68125E-03, 0.673765348
	0.199375, 5.98125E-03, 0.709536713
	0.209375, 6.28125E-03, 0.745333689
	0.219375, 6.58125E-03, 0.78115722
	0.229375, 6.88125E-03, 0.817008255
	0.239375, 7.18125E-03, 0.852887747
	0.249375, 7.48125E-03, 0.888796654
	0.259375, 7.78125E-03, 0.924735936
	0.269375, 8.08125E-03, 0.960706556
	0.279375, 8.38125E-03, 0.996709482
	0.289375, 8.68125E-03, 1.03274568
	0.299375, 8.98125E-03, 1.06881614
	0.309375, 9.28125E-03, 1.10492183
	0.319375, 9.58125E-03, 1.14106373
	0.329375, 9.88125E-03, 1.17724283
	0.339375, 1.018125E-02, 1.21346013
	0.349375, 1.048125E-02, 1.24971661
	0.359375, 1.078125E-02, 1.28601328
	0.369375, 1.108125E-02, 1.32235115
	0.379375, 1.138125E-02, 1.35873122
	0.389375, 1.168125E-02, 1.3951545
	0.399375, 1.198125E-02, 1.43162201
	0.409375, 1.228125E-02, 1.46813479
	0.419375, 1.258125E-02, 1.50469385
	0.429375, 1.288125E-02, 1.54130023
	0.439375, 1.318125E-02, 1.57795496
	0.449375, 1.348125E-02, 1.61465911
	0.459375, 1.378125E-02, 1.65141371
	0.469375, 1.408125E-02, 1.68821981
	0.479375, 1.438125E-02, 1.72507849
	0.489375, 1.468125E-02, 1.76199081
	0.499375, 1.498125E-02, 1.79895785
	0.509375, 1.528125E-02, 1.83598068
	0.519375, 1.558125E-02, 1.87306039
	0.529375, 1.588125E-02, 1.91019808
	0.539375, 1.618125E-02, 1.94739484
	0.549375, 1.648125E-02, 1.98465178
	0.559375, 1.678125E-02, 2.02197003
	0.569375, 1.708125E-02, 2.05935068
	0.579375, 1.738125E-02, 2.09679489
	0.589375, 1.768125E-02, 2.13430377
	0.599375, 1.798125E-02, 2.17187848
	0.609375, 1.828125E-02, 2.20952017
	0.619375, 1.858125E-02, 2.24722998
	0.629375, 1.888125E-02, 2.28500911
	0.639375, 1.918125E-02, 2.3228587
	0.649375, 1.948125E-02, 2.36077996
	0.659375, 1.978125E-02, 2.39877406
	0.669375, 2.008125E-02, 2.43684222
	0.679375, 2.038125E-02, 2.47498564
	0.689375, 2.068125E-02, 2.51320553
	0.699375, 2.098125E-02, 2.55150313
	0.709375, 2.128125E-02, 2.58987967
	0.719375, 2.158125E-02, 2.62833639
	0.729375, 2.188125E-02, 2.66687456
	0.739375, 2.218125E-02, 2.70549543
	0.749375, 2.248125E-02, 2.74420028
	0.759375, 2.278125E-02, 2.7829904
	0.769375, 2.308125E-02, 2.82186707
	0.779375, 2.338125E-02, 2.86083161
	0.789375, 2.368125E-02, 2.89988533
	0.799375, 2.398125E-02, 2.93902955
	0.809375, 2.428125E-02, 2.97826562
	0.819375, 2.458125E-02, 3.01759487
	0.829375, 2.488125E-02, 3.05701868
	0.839375, 2.518125E-02, 3.09653841
	0.849375, 2.548125E-02, 3.13615544
	0.859375, 2.578125E-02, 3.17587117
	0.869375, 2.608125E-02, 3.215687
	0.879375, 2.638125E-02, 3.25560435
	0.889375, 2.668125E-02, 3.29562466
	0.899375, 2.698125E-02, 3.33574936
	0.909375, 2.728125E-02, 3.37597992
	0.919375, 2.758125E-02, 3.4163178
	0.929375, 2.788125E-02, 3.45676448
	0.939375, 2.818125E-02, 3.49732146
	0.949375, 2.848125E-02, 3.53799025
	0.959375, 2.878125E-02, 3.57877238
	0.969375, 2.908125E-02, 3.61966937
	0.979375, 2.938125E-02, 3.66068279
	0.989375, 2.968125E-02, 3.70181419
	0.9946875, 2.9840625E-02, 3.7236934
	1, 3.E-02, 3.74562252
