 5.E-03, 4.E-04, 2.5E-03,2.5E-03, 4.E-03, 2.4E-02,5.E-03, 6.E-03, 2.E-03,3.5E-02, 6.E-03, 0,0.139626667, 0, 0.41888
	1.E-03, 3.632166214E-05, 0.20549048
	2.E-03, 7.264332427E-05, 0.403248456
	3.5E-03, 1.271258175E-04, 0.685789208
	5.75E-03, 2.088495573E-04, 1.07908619
	9.125E-03, 3.31435167E-04, 1.60437086
	1.41875E-02, 5.153135815E-04, 2.25974657
	2.178125E-02, 7.911312034E-04, 2.98532072
	3.178125E-02, 1.154347825E-03, 3.56259888
	4.178125E-02, 1.517564446E-03, 3.81681992
	5.178125E-02, 1.880781067E-03, 3.83841737
	6.178125E-02, 2.243997689E-03, 3.69483417
	7.178125E-02, 2.60721431E-03, 3.43580978
	8.178125E-02, 2.970430932E-03, 3.09802104
	9.178125E-02, 3.333647553E-03, 2.70870716
	0.10178125, 3.696864174E-03, 2.28767025
	0.11178125, 4.060080796E-03, 1.85190364
	0.12178125, 4.423297417E-03, 1.41269506
	0.13178125, 4.786514038E-03, 0.979832244
	0.14178125, 5.14973066E-03, 0.559932235
	0.15178125, 5.512947281E-03, 0.160609219
	0.16178125, 5.876163902E-03, -0.213476848
	0.17178125, 6.239380524E-03, -0.556985204
	0.18178125, 6.602597145E-03, -0.8649172
	0.19178125, 6.965813766E-03, -1.13195628
	0.20178125, 7.329030388E-03, -1.35214678
	0.21178125, 7.692247009E-03, -1.5187619
	0.22178125, 8.055463631E-03, -1.6246873
	0.23178125, 8.418680252E-03, -1.66447627
	0.24178125, 8.781896873E-03, -1.6336741
	0.25178125, 9.145113495E-03, -1.5350715
	0.26178125, 9.508330116E-03, -1.37686405
	0.27178125, 9.871546737E-03, -1.1710837
	0.28178125, 1.023476336E-02, -0.933305777
	0.29178125, 1.059797998E-02, -0.676674713
	0.30178125, 1.09611966E-02, -0.41352764
	0.31178125, 1.132441322E-02, -0.154251203
	0.32178125, 1.168762984E-02, 9.274313871E-02
	0.33178125, 1.205084647E-02, 0.320892511
	0.34178125, 1.241406309E-02, 0.525324875
	0.35178125, 1.277727971E-02, 0.702699028
	0.36178125, 1.314049633E-02, 0.851053017
	0.37178125, 1.350371295E-02, 0.969649873
	0.38178125, 1.386692957E-02, 1.05881598
	0.39178125, 1.423014619E-02, 1.11967807
	0.40178125, 1.459336281E-02, 1.15425856
	0.41178125, 1.495657944E-02, 1.16507624
	0.42178125, 1.531979606E-02, 1.15502436
	0.43178125, 1.568301268E-02, 1.12723947
	0.44178125, 1.60462293E-02, 1.08498375
	0.45178125, 1.640944592E-02, 1.03154502
	0.46178125, 1.677266254E-02, 0.970165927
	0.47178125, 1.713587916E-02, 0.903993701
	0.48178125, 1.749909579E-02, 0.836047124
	0.49178125, 1.786231241E-02, 0.769199903
	0.50178125, 1.822552903E-02, 0.706842393
	0.51178125, 1.858874565E-02, 0.650175671
	0.52178125, 1.895196227E-02, 0.602303175
	0.53178125, 1.931517889E-02, 0.565494249
	0.54178125, 1.967839551E-02, 0.541869197
	0.55178125, 2.004161214E-02, 0.533399711
	0.56178125, 2.040482876E-02, 0.541900505
	0.57178125, 2.076804538E-02, 0.569015551
	0.58178125, 2.1131262E-02, 0.616198966
	0.59178125, 2.149447862E-02, 0.684683185
	0.60178125, 2.185769524E-02, 0.775438262
	0.61178125, 2.222091186E-02, 0.889120472
	0.62178125, 2.258412848E-02, 1.02600537
	0.63178125, 2.294734511E-02, 1.18590074
	0.64178125, 2.331056173E-02, 1.36804416
	0.65178125, 2.367377835E-02, 1.57096935
	0.66178125, 2.403699497E-02, 1.79233709
	0.67178125, 2.440021159E-02, 2.02871809
	0.68178125, 2.476342821E-02, 2.27531092
	0.69178125, 2.512664483E-02, 2.52558094
	0.70178125, 2.548986146E-02, 2.77081725
	0.71178125, 2.585307808E-02, 2.99968252
	0.72178125, 2.62162947E-02, 3.19799797
	0.73178125, 2.657951132E-02, 3.34930615
	0.74178125, 2.694272794E-02, 3.43698455
	0.75178125, 2.730594456E-02, 3.44797866
	0.76178125, 2.766916118E-02, 3.37632446
	0.77178125, 2.803237781E-02, 3.22358304
	0.78178125, 2.839559443E-02, 3.00076837
	0.79178125, 2.875881105E-02, 2.7055797
	0.80178125, 2.912202767E-02, 2.34448792
	0.81178125, 2.948524429E-02, 1.93291511
	0.82178125, 2.984846091E-02, 1.471701
	0.83178125, 3.021167753E-02, 0.968269175
	0.84178125, 3.057489415E-02, 0.434174148
	0.85178125, 3.093811078E-02, -0.112432962
	0.86178125, 3.13013274E-02, -0.64567673
	0.87178125, 3.166454402E-02, -1.13347074
	0.88178125, 3.202776064E-02, -1.53843254
	0.89178125, 3.239097726E-02, -1.81425996
	0.90178125, 3.275419388E-02, -1.95427462
	0.91178125, 3.31174105E-02, -1.93538701
	0.92178125, 3.348062713E-02, -1.74937568
	0.93178125, 3.384384375E-02, -1.39200839
	0.94178125, 3.420706037E-02, -0.859686105
	0.95178125, 3.457027699E-02, -0.146995229
	0.96178125, 3.493349361E-02, 0.754856345
	0.97178125, 3.529671023E-02, 1.85906002
	0.98178125, 3.565992685E-02, 3.1839712
	0.99178125, 3.602314347E-02, 4.7538393
	1, 3.632166214E-02, 6.24901723
