 5.E-03, 4.E-04, 2.5E-03,2.5E-03, 4.E-03, 2.4E-02,5.E-03, 6.E-03, 2.E-03,3.5E-02, 6.E-03, 0,0.139626667, 0, 0.383973333
	1.E-03, 2.337485547E-06, 7.888609052E-31
	2.E-03, 4.678632125E-06, 7.888609052E-31
	3.5E-03, 8.19714646E-06, 7.888609052E-31
	5.75E-03, 1.349039703E-05, 7.888609052E-31
	9.125E-03, 2.146551571E-05, 7.888609052E-31
	1.41875E-02, 3.350891986E-05, 7.888609052E-31
	2.178125E-02, 5.176064026E-05, 7.888609052E-31
	3.178125E-02, 7.615096155E-05, 7.888609052E-31
	4.178125E-02, 1.009649654E-04, 7.888609052E-31
	5.178125E-02, 1.26225872E-04, 7.888609052E-31
	6.178125E-02, 1.519587488E-04, 7.888609052E-31
	7.178125E-02, 1.781907859E-04, 7.888609052E-31
	8.178125E-02, 2.049515138E-04, 7.888609052E-31
	9.178125E-02, 2.322730914E-04, 7.888609052E-31
	0.10178125, 2.601906398E-04, 7.888609052E-31
	0.11178125, 2.887426371E-04, 7.888609052E-31
	0.12178125, 3.17971373E-04, 7.888609052E-31
	0.13178125, 3.479234941E-04, 7.888609052E-31
	0.14178125, 3.786506484E-04, 7.888609052E-31
	0.15178125, 4.102102488E-04, 7.888609052E-31
	0.16178125, 4.426664119E-04, 7.888609052E-31
	0.17178125, 4.760910735E-04, 7.888609052E-31
	0.18178125, 5.105653763E-04, 7.888609052E-31
	0.19178125, 5.461813653E-04, 7.888609052E-31
	0.20178125, 5.830441232E-04, 7.888609052E-31
	0.21178125, 6.212744651E-04, 7.888609052E-31
	0.22178125, 6.610123526E-04, 7.888609052E-31
	0.23178125, 7.024213827E-04, 7.888609052E-31
	0.24178125, 7.456946272E-04, 7.888609052E-31
	0.25178125, 7.910625293E-04, 7.888609052E-31
	0.26178125, 8.388036786E-04, 7.888609052E-31
	0.27178125, 8.892598461E-04, 7.888609052E-31
	0.28178125, 9.428577493E-04, 7.888609052E-31
	0.29178125, 1.000141195E-03, 7.888609052E-31
	0.30178125, 1.061820756E-03, 7.888609052E-31
	0.31178125, 1.128853947E-03, 7.888609052E-31
	0.32178125, 1.202582325E-03, 7.888609052E-31
	0.33178125, 1.28498333E-03, 7.888609052E-31
	0.34178125, 1.37918027E-03, 7.888609052E-31
	0.35178125, 1.491221325E-03, 7.888609052E-31
	0.36178125, 1.632353213E-03, 7.888609052E-31
	0.37178125, 1.839373372E-03, 7.888609052E-31
	0.37678125, 2.030774891E-03, 7.888609052E-31
	0.37803125, 2.132846119E-03, 7.888609052E-31
	0.37928125, 2.233819675E-03, 7.888609052E-31
	1, 7.08019824E-03, 7.888609052E-31
