 1.006E-02
	1.E-03, 3.E-05, 2.166349766E-03
	2.E-03, 6.E-05, 4.332699806E-03
	3.5E-03, 1.05E-04, 7.582226433E-03
	5.75E-03, 1.725E-04, 1.245652187E-02
	9.125E-03, 2.7375E-04, 1.976798491E-02
	1.41875E-02, 4.25625E-04, 3.073524998E-02
	2.178125E-02, 6.534375E-04, 4.718639178E-02
	3.178125E-02, 9.534375E-04, 6.885112738E-02
	4.178125E-02, 1.2534375E-03, 9.051699704E-02
	5.178125E-02, 1.5534375E-03, 0.112184353
	6.178125E-02, 1.8534375E-03, 0.133853534
	7.178125E-02, 2.1534375E-03, 0.155524893
	8.178125E-02, 2.4534375E-03, 0.177198781
	9.178125E-02, 2.7534375E-03, 0.19887555
	0.10178125, 3.0534375E-03, 0.220555553
	0.11178125, 3.3534375E-03, 0.24223914
	0.12178125, 3.6534375E-03, 0.263926665
	0.13178125, 3.9534375E-03, 0.285618481
	0.14178125, 4.2534375E-03, 0.30731494
	0.15178125, 4.5534375E-03, 0.329016395
	0.16178125, 4.8534375E-03, 0.350723201
	0.17178125, 5.1534375E-03, 0.37243571
	0.18178125, 5.4534375E-03, 0.394154277
	0.19178125, 5.7534375E-03, 0.415879257
	0.20178125, 6.0534375E-03, 0.437611004
	0.21178125, 6.3534375E-03, 0.459349874
	0.22178125, 6.6534375E-03, 0.481096222
	0.23178125, 6.9534375E-03, 0.502850406
	0.24178125, 7.2534375E-03, 0.524612781
	0.25178125, 7.5534375E-03, 0.546383705
	0.26178125, 7.8534375E-03, 0.568163536
	0.27178125, 8.1534375E-03, 0.589952631
	0.28178125, 8.4534375E-03, 0.61175135
	0.29178125, 8.7534375E-03, 0.633560052
	0.30178125, 9.0534375E-03, 0.655379098
	0.31178125, 9.3534375E-03, 0.677208848
	0.32178125, 9.6534375E-03, 0.699049663
	0.33178125, 9.9534375E-03, 0.720901906
	0.34178125, 1.02534375E-02, 0.742765939
	0.35178125, 1.05534375E-02, 0.764642125
	0.36178125, 1.08534375E-02, 0.78653083
	0.37178125, 1.11534375E-02, 0.808432417
	0.38178125, 1.14534375E-02, 0.830347254
	0.39178125, 1.17534375E-02, 0.852275706
	0.40178125, 1.20534375E-02, 0.874218141
	0.41178125, 1.23534375E-02, 0.896174927
	0.42178125, 1.26534375E-02, 0.918146433
	0.43178125, 1.29534375E-02, 0.940133031
	0.44178125, 1.32534375E-02, 0.962135091
	0.45178125, 1.35534375E-02, 0.984152984
	0.46178125, 1.38534375E-02, 1.00618708
	0.47178125, 1.41534375E-02, 1.02823777
	0.48178125, 1.44534375E-02, 1.0503054
	0.49178125, 1.47534375E-02, 1.07239037
	0.50178125, 1.50534375E-02, 1.09449305
	0.51178125, 1.53534375E-02, 1.11661382
	0.52178125, 1.56534375E-02, 1.13875305
	0.53178125, 1.59534375E-02, 1.16091114
	0.54178125, 1.62534375E-02, 1.18308845
	0.55178125, 1.65534375E-02, 1.20528538
	0.56178125, 1.68534375E-02, 1.2275023
	0.57178125, 1.71534375E-02, 1.24973961
	0.58178125, 1.74534375E-02, 1.27199768
	0.59178125, 1.77534375E-02, 1.29427692
	0.60178125, 1.80534375E-02, 1.3165777
	0.61178125, 1.83534375E-02, 1.33890042
	0.62178125, 1.86534375E-02, 1.36124547
	0.63178125, 1.89534375E-02, 1.38361324
	0.64178125, 1.92534375E-02, 1.40600414
	0.65178125, 1.95534375E-02, 1.42841855
	0.66178125, 1.98534375E-02, 1.45085688
	0.67178125, 2.01534375E-02, 1.47331951
	0.68178125, 2.04534375E-02, 1.49580687
	0.69178125, 2.07534375E-02, 1.51831934
	0.70178125, 2.10534375E-02, 1.54085734
	0.71178125, 2.13534375E-02, 1.56342126
	0.72178125, 2.16534375E-02, 1.58601152
	0.73178125, 2.19534375E-02, 1.60862852
	0.74178125, 2.22534375E-02, 1.63127269
	0.75178125, 2.25534375E-02, 1.65394442
	0.76178125, 2.28534375E-02, 1.67664414
	0.77178125, 2.31534375E-02, 1.69937226
	0.78178125, 2.34534375E-02, 1.72212919
	0.79178125, 2.37534375E-02, 1.74491537
	0.80178125, 2.40534375E-02, 1.76773121
	0.81178125, 2.43534375E-02, 1.79057714
	0.82178125, 2.46534375E-02, 1.81345358
	0.83178125, 2.49534375E-02, 1.83636096
	0.84178125, 2.52534375E-02, 1.85929972
	0.85178125, 2.55534375E-02, 1.88227027
	0.86178125, 2.58534375E-02, 1.90527307
	0.87178125, 2.61534375E-02, 1.92830853
	0.88178125, 2.64534375E-02, 1.95137711
	0.89178125, 2.67534375E-02, 1.97447925
	0.90178125, 2.70534375E-02, 1.99761538
	0.91178125, 2.73534375E-02, 2.02078596
	0.92178125, 2.76534375E-02, 2.04399142
	0.93178125, 2.79534375E-02, 2.06723223
	0.94178125, 2.82534375E-02, 2.09050883
	0.95178125, 2.85534375E-02, 2.11382167
	0.96178125, 2.88534375E-02, 2.13717123
	0.97178125, 2.91534375E-02, 2.16055794
	0.98178125, 2.94534375E-02, 2.18398229
	0.99178125, 2.97534375E-02, 2.20744473
	1, 3.E-02, 2.22675756
