 5.E-03, 4.E-04, 2.5E-03,2.5E-03, 4.E-03, 2.4E-02,5.E-03, 6.E-03, 2.E-03,3.5E-02, 6.E-03, 0,0.139626667, 0, 0.401426667
	1.E-03, 3.489236694E-05, 0.179684168
	2.E-03, 6.978473387E-05, 0.353091764
	3.5E-03, 1.221232843E-04, 0.60173888
	5.75E-03, 2.006311099E-04, 0.949838622
	9.125E-03, 3.183928483E-04, 1.41906808
	1.41875E-02, 4.950354559E-04, 2.0137246
	2.178125E-02, 7.599993673E-04, 2.69131316
	3.178125E-02, 1.108923037E-03, 3.2634016
	4.178125E-02, 1.457846706E-03, 3.55592229
	5.178125E-02, 1.806770375E-03, 3.64207071
	6.178125E-02, 2.155694045E-03, 3.57792299
	7.178125E-02, 2.504617714E-03, 3.4058639
	8.178125E-02, 2.853541384E-03, 3.1578112
	9.178125E-02, 3.202465053E-03, 2.85786932
	0.10178125, 3.551388722E-03, 2.52367653
	0.11178125, 3.900312392E-03, 2.17075367
	0.12178125, 4.249236061E-03, 1.80924202
	0.13178125, 4.59815973E-03, 1.4476227
	0.14178125, 4.9470834E-03, 1.09306792
	0.15178125, 5.296007069E-03, 0.749814465
	0.16178125, 5.644930739E-03, 0.423761072
	0.17178125, 5.993854408E-03, 0.117200773
	0.18178125, 6.342778077E-03, -0.165777057
	0.19178125, 6.691701747E-03, -0.422679318
	0.20178125, 7.040625416E-03, -0.651002577
	0.21178125, 7.389549085E-03, -0.84828079
	0.22178125, 7.738472755E-03, -1.01205086
	0.23178125, 8.087396424E-03, -1.13983411
	0.24178125, 8.436320093E-03, -1.22924655
	0.25178125, 8.785243763E-03, -1.27831514
	0.26178125, 9.134167432E-03, -1.28602201
	0.27178125, 9.483091102E-03, -1.25298456
	0.28178125, 9.832014771E-03, -1.18198307
	0.29178125, 1.018093844E-02, -1.07800817
	0.30178125, 1.052986211E-02, -0.947731046
	0.31178125, 1.087878578E-02, -0.798628417
	0.32178125, 1.122770945E-02, -0.638127096
	0.33178125, 1.157663312E-02, -0.472993094
	0.34178125, 1.192555679E-02, -0.30900938
	0.35178125, 1.227448046E-02, -0.150862998
	0.36178125, 1.262340413E-02, -2.161424386E-03
	0.37178125, 1.29723278E-02, 0.134493308
	0.38178125, 1.332125146E-02, 0.257401493
	0.39178125, 1.367017513E-02, 0.365661665
	0.40178125, 1.40190988E-02, 0.45906104
	0.41178125, 1.436802247E-02, 0.537973615
	0.42178125, 1.471694614E-02, 0.603259968
	0.43178125, 1.506586981E-02, 0.656176173
	0.44178125, 1.541479348E-02, 0.698285792
	0.45178125, 1.576371715E-02, 0.731382172
	0.46178125, 1.611264082E-02, 0.757418266
	0.47178125, 1.646156449E-02, 0.778443494
	0.48178125, 1.681048816E-02, 0.796553469
	0.49178125, 1.715941183E-02, 0.814169047
	0.50178125, 1.75083355E-02, 0.832695457
	0.51178125, 1.785725917E-02, 0.854434692
	0.52178125, 1.820618284E-02, 0.881272706
	0.53178125, 1.855510651E-02, 0.914972235
	0.54178125, 1.890403017E-02, 0.957147803
	0.55178125, 1.925295384E-02, 1.00923977
	0.56178125, 1.960187751E-02, 1.07248726
	0.57178125, 1.995080118E-02, 1.14789687
	0.58178125, 2.029972485E-02, 1.23620688
	0.59178125, 2.064864852E-02, 1.33783926
	0.60178125, 2.099757219E-02, 1.4527543
	0.61178125, 2.134649586E-02, 1.58084469
	0.62178125, 2.169541953E-02, 1.72094066
	0.63178125, 2.20443432E-02, 1.87155337
	0.64178125, 2.239326687E-02, 2.03044293
	0.65178125, 2.274219054E-02, 2.19439922
	0.66178125, 2.309111421E-02, 2.35915481
	0.67178125, 2.344003788E-02, 2.51921617
	0.68178125, 2.378896155E-02, 2.66778886
	0.69178125, 2.413788522E-02, 2.79690926
	0.70178125, 2.448680888E-02, 2.89793952
	0.71178125, 2.483573255E-02, 2.96252847
	0.72178125, 2.518465622E-02, 2.98384483
	0.73178125, 2.553357989E-02, 2.95757194
	0.74178125, 2.588250356E-02, 2.88211747
	0.75178125, 2.623142723E-02, 2.76073088
	0.76178125, 2.65803509E-02, 2.59002942
	0.77178125, 2.692927457E-02, 2.37359126
	0.78178125, 2.727819824E-02, 2.11401935
	0.79178125, 2.762712191E-02, 1.81227358
	0.80178125, 2.797604558E-02, 1.47427979
	0.81178125, 2.832496925E-02, 1.10126901
	0.82178125, 2.867389292E-02, 0.698340138
	0.83178125, 2.902281659E-02, 0.273431776
	0.84178125, 2.937174026E-02, -0.161597267
	0.85178125, 2.972066392E-02, -0.590133421
	0.86178125, 3.006958759E-02, -0.992489894
	0.87178125, 3.041851126E-02, -1.34427275
	0.88178125, 3.076743493E-02, -1.61440501
	0.89178125, 3.11163586E-02, -1.78992887
	0.90178125, 3.146528227E-02, -1.84974679
	0.91178125, 3.181420594E-02, -1.7811432
	0.92178125, 3.216312961E-02, -1.57538466
	0.93178125, 3.251205328E-02, -1.22600309
	0.94178125, 3.286097695E-02, -0.726982585
	0.95178125, 3.320990062E-02, -7.124020564E-02
	0.96178125, 3.355882429E-02, 0.750518505
	0.97178125, 3.390774796E-02, 1.75066311
	0.98178125, 3.425667163E-02, 2.94534371
	0.99178125, 3.46055953E-02, 4.35513113
	1, 3.489236694E-02, 5.6927327
