 5.E-03, 4.E-04, 2.5E-03,2.5E-03, 3.E-03, 1.E-02,5.E-03, 1.2E-02, 2.E-03,3.5E-02, 4.E-03, 5.236E-02,0.2618, 5.236E-02, 0.349066667
	1.E-03, 2.941379829E-05, 0.178772587
	2.E-03, 5.882759658E-05, 0.352673419
	3.5E-03, 1.02948294E-04, 0.604594172
	5.75E-03, 1.691293402E-04, 0.962987252
	9.125E-03, 2.684009094E-04, 1.45869385
	1.41875E-02, 4.173082633E-04, 2.11436874
	2.178125E-02, 6.40669294E-04, 2.91948747
	3.178125E-02, 9.34807277E-04, 3.69802098
	4.178125E-02, 1.22894526E-03, 4.21005952
	5.178125E-02, 1.523083243E-03, 4.50536169
	6.178125E-02, 1.817221226E-03, 4.62608917
	7.178125E-02, 2.111359209E-03, 4.60592816
	8.178125E-02, 2.405497192E-03, 4.47988984
	9.178125E-02, 2.699635174E-03, 4.27208798
	0.10178125, 2.993773157E-03, 4.00473605
	0.11178125, 3.28791114E-03, 3.69686467
	0.12178125, 3.582049123E-03, 3.3645532
	0.13178125, 3.876187106E-03, 3.02126864
	0.14178125, 4.170325089E-03, 2.67814479
	0.15178125, 4.464463072E-03, 2.34421578
	0.16178125, 4.758601055E-03, 2.02662448
	0.17178125, 5.052739038E-03, 1.7308126
	0.18178125, 5.346877021E-03, 1.46070241
	0.19178125, 5.641015004E-03, 1.21887238
	0.20178125, 5.935152987E-03, 1.00673003
	0.21178125, 6.229290969E-03, 0.82468223
	0.22178125, 6.523428952E-03, 0.672300749
	0.23178125, 6.817566935E-03, 0.548481494
	0.24178125, 7.111704918E-03, 0.451593776
	0.25178125, 7.405842901E-03, 0.379618061
	0.26178125, 7.699980884E-03, 0.330269486
	0.27178125, 7.994118867E-03, 0.301106431
	0.28178125, 8.28825685E-03, 0.289623191
	0.29178125, 8.582394833E-03, 0.29332817
	0.30178125, 8.876532816E-03, 0.309806323
	0.31178125, 9.170670799E-03, 0.336769753
	0.32178125, 9.464808781E-03, 0.372095054
	0.33178125, 9.758946764E-03, 0.413851299
	0.34178125, 1.005308475E-02, 0.460317879
	0.35178125, 1.034722273E-02, 0.50999575
	0.36178125, 1.064136071E-02, 0.561610872
	0.37178125, 1.09354987E-02, 0.614113262
	0.38178125, 1.122963668E-02, 0.666670719
	0.39178125, 1.152377466E-02, 0.718658796
	0.40178125, 1.181791264E-02, 0.769647916
	0.41178125, 1.211205063E-02, 0.819387211
	0.42178125, 1.240618861E-02, 0.867786544
	0.43178125, 1.270032659E-02, 0.914896077
	0.44178125, 1.299446458E-02, 0.960885234
	0.45178125, 1.328860256E-02, 1.00601915
	0.46178125, 1.358274054E-02, 1.05063501
	0.47178125, 1.387687853E-02, 1.09511696
	0.48178125, 1.417101651E-02, 1.13987078
	0.49178125, 1.446515449E-02, 1.1852978
	0.50178125, 1.475929247E-02, 1.23176845
	0.51178125, 1.505343046E-02, 1.27959613
	0.52178125, 1.534756844E-02, 1.32901076
	0.53178125, 1.564170642E-02, 1.38013215
	0.54178125, 1.593584441E-02, 1.43294482
	0.55178125, 1.622998239E-02, 1.48727234
	0.56178125, 1.652412037E-02, 1.54275321
	0.57178125, 1.681825835E-02, 1.59881775
	0.58178125, 1.711239634E-02, 1.6546675
	0.59178125, 1.740653432E-02, 1.7092559
	0.60178125, 1.77006723E-02, 1.7612737
	0.61178125, 1.799481029E-02, 1.80913748
	0.62178125, 1.828894827E-02, 1.85098615
	0.63178125, 1.858308625E-02, 1.8846834
	0.64178125, 1.887722423E-02, 1.90783083
	0.65178125, 1.917136222E-02, 1.91779466
	0.66178125, 1.94655002E-02, 1.91174769
	0.67178125, 1.975963818E-02, 1.88672995
	0.68178125, 2.005377617E-02, 1.83973342
	0.69178125, 2.034791415E-02, 1.76781279
	0.70178125, 2.064205213E-02, 1.66822465
	0.71178125, 2.093619012E-02, 1.53859852
	0.72178125, 2.12303281E-02, 1.3771379
	0.73178125, 2.152446608E-02, 1.18284792
	0.74178125, 2.181860406E-02, 0.955782724
	0.75178125, 2.211274205E-02, 0.69729835
	0.76178125, 2.240688003E-02, 0.410294037
	0.77178125, 2.270101801E-02, 9.941692079E-02
	0.78178125, 2.2995156E-02, -0.228797835
	0.79178125, 2.328929398E-02, -0.565880882
	0.80178125, 2.358343196E-02, -0.901501394
	0.81178125, 2.387756994E-02, -1.22367136
	0.82178125, 2.417170793E-02, -1.51907669
	0.83178125, 2.446584591E-02, -1.77342722
	0.84178125, 2.475998389E-02, -1.97181532
	0.85178125, 2.505412188E-02, -2.10004277
	0.86178125, 2.534825986E-02, -2.1439194
	0.87178125, 2.564239784E-02, -2.08985658
	0.88178125, 2.593653582E-02, -1.92492568
	0.89178125, 2.623067381E-02, -1.63675958
	0.90178125, 2.652481179E-02, -1.21332036
	0.91178125, 2.681894977E-02, -0.642563585
	0.92178125, 2.711308776E-02, 8.796717966E-02
	0.93178125, 2.740722574E-02, 0.991596218
	0.94178125, 2.770136372E-02, 2.08300567
	0.95178125, 2.799550171E-02, 3.37875403
	0.96178125, 2.828963969E-02, 4.89783149
	0.97178125, 2.858377767E-02, 6.66224809
	0.98178125, 2.887791565E-02, 8.69767545
	0.99178125, 2.917205364E-02, 11.0341307
	1, 2.941379829E-02, 13.2043259
