 5.E-03, 4.E-04, 2.5E-03,2.5E-03, 3.E-03, 1.E-02,5.E-03, 1.4E-02, 2.E-03,3.5E-02, 4.E-03, 5.236E-02,0.2618, 5.236E-02, 0.349066667
	1.E-03, 2.941379829E-05, 0.135040759
	2.E-03, 5.882759658E-05, 0.266376462
	3.5E-03, 1.02948294E-04, 0.456597871
	5.75E-03, 1.691293402E-04, 0.727155605
	9.125E-03, 2.684009094E-04, 1.10131718
	1.41875E-02, 4.173082633E-04, 1.59639348
	2.178125E-02, 6.40669294E-04, 2.20525257
	3.178125E-02, 9.34807277E-04, 2.79711116
	4.178125E-02, 1.22894526E-03, 3.19157831
	5.178125E-02, 1.523083243E-03, 3.42641648
	6.178125E-02, 1.817221226E-03, 3.53333853
	7.178125E-02, 2.111359209E-03, 3.53601954
	8.178125E-02, 2.405497192E-03, 3.46352468
	9.178125E-02, 2.699635174E-03, 3.33230351
	0.10178125, 2.993773157E-03, 3.15850975
	0.11178125, 3.28791114E-03, 2.95606058
	0.12178125, 3.582049123E-03, 2.73657712
	0.13178125, 3.876187106E-03, 2.50965977
	0.14178125, 4.170325089E-03, 2.28311719
	0.15178125, 4.464463072E-03, 2.06316127
	0.16178125, 4.758601055E-03, 1.85458747
	0.17178125, 5.052739038E-03, 1.66094237
	0.18178125, 5.346877021E-03, 1.48468424
	0.19178125, 5.641015004E-03, 1.32733482
	0.20178125, 5.935152987E-03, 1.18962279
	0.21178125, 6.229290969E-03, 1.07161867
	0.22178125, 6.523428952E-03, 0.972859664
	0.23178125, 6.817566935E-03, 0.892463752
	0.24178125, 7.111704918E-03, 0.829232492
	0.25178125, 7.405842901E-03, 0.781742047
	0.26178125, 7.699980884E-03, 0.748422386
	0.27178125, 7.994118867E-03, 0.727625151
	0.28178125, 8.28825685E-03, 0.717680729
	0.29178125, 8.582394833E-03, 0.716945242
	0.30178125, 8.876532816E-03, 0.723838181
	0.31178125, 9.170670799E-03, 0.736872202
	0.32178125, 9.464808781E-03, 0.7546756
	0.33178125, 9.758946764E-03, 0.776008459
	0.34178125, 1.005308475E-02, 0.799773207
	0.35178125, 1.034722273E-02, 0.825020924
	0.36178125, 1.064136071E-02, 0.850953424
	0.37178125, 1.09354987E-02, 0.876921966
	0.38178125, 1.122963668E-02, 0.90242338
	0.39178125, 1.152377466E-02, 0.927093119
	0.40178125, 1.181791264E-02, 0.950696999
	0.41178125, 1.211205063E-02, 0.973120425
	0.42178125, 1.240618861E-02, 0.994356748
	0.43178125, 1.270032659E-02, 1.01449349
	0.44178125, 1.299446458E-02, 1.03369836
	0.45178125, 1.328860256E-02, 1.05220328
	0.46178125, 1.358274054E-02, 1.07028855
	0.47178125, 1.387687853E-02, 1.08826567
	0.48178125, 1.417101651E-02, 1.10646008
	0.49178125, 1.446515449E-02, 1.12519311
	0.50178125, 1.475929247E-02, 1.14476421
	0.51178125, 1.505343046E-02, 1.16543259
	0.52178125, 1.534756844E-02, 1.18739931
	0.53178125, 1.564170642E-02, 1.21078939
	0.54178125, 1.593584441E-02, 1.2356344
	0.55178125, 1.622998239E-02, 1.26185568
	0.56178125, 1.652412037E-02, 1.28924855
	0.57178125, 1.681825835E-02, 1.31746708
	0.58178125, 1.711239634E-02, 1.34601142
	0.59178125, 1.740653432E-02, 1.3742165
	0.60178125, 1.77006723E-02, 1.40124349
	0.61178125, 1.799481029E-02, 1.42607449
	0.62178125, 1.828894827E-02, 1.4475117
	0.63178125, 1.858308625E-02, 1.46418135
	0.64178125, 1.887722423E-02, 1.47454551
	0.65178125, 1.917136222E-02, 1.47691981
	0.66178125, 1.94655002E-02, 1.46950321
	0.67178125, 1.975963818E-02, 1.45041717
	0.68178125, 2.005377617E-02, 1.41775949
	0.69178125, 2.034791415E-02, 1.36967259
	0.70178125, 2.064205213E-02, 1.30442821
	0.71178125, 2.093619012E-02, 1.22052945
	0.72178125, 2.12303281E-02, 1.11682971
	0.73178125, 2.152446608E-02, 0.992667141
	0.74178125, 2.181860406E-02, 0.848010953
	0.75178125, 2.211274205E-02, 0.683613013
	0.76178125, 2.240688003E-02, 0.501158469
	0.77178125, 2.270101801E-02, 0.303400662
	0.78178125, 2.2995156E-02, 9.426930063E-02
	0.79178125, 2.328929398E-02, -0.121062596
	0.80178125, 2.358343196E-02, -0.336167175
	0.81178125, 2.387756994E-02, -0.543414461
	0.82178125, 2.417170793E-02, -0.734091584
	0.83178125, 2.446584591E-02, -0.898582304
	0.84178125, 2.475998389E-02, -1.02707254
	0.85178125, 2.505412188E-02, -1.10757406
	0.86178125, 2.534825986E-02, -1.12992451
	0.87178125, 2.564239784E-02, -1.08316585
	0.88178125, 2.593653582E-02, -0.9564214
	0.89178125, 2.623067381E-02, -0.73892195
	0.90178125, 2.652481179E-02, -0.419938509
	0.91178125, 2.681894977E-02, 1.137432674E-02
	0.92178125, 2.711308776E-02, 0.566220316
	0.93178125, 2.740722574E-02, 1.25647421
	0.94178125, 2.770136372E-02, 2.09505952
	0.95178125, 2.799550171E-02, 3.09637909
	0.96178125, 2.828963969E-02, 4.27679273
	0.97178125, 2.858377767E-02, 5.65513795
	0.98178125, 2.887791565E-02, 7.25328964
	0.99178125, 2.917205364E-02, 9.09675206
	1, 2.941379829E-02, 10.8163182
