 5.E-03, 4.E-04, 2.5E-03,2.5E-03, 3.E-03, 1.E-02,5.E-03, 1.E-02, 2.E-03,3.5E-02, 4.E-03, 5.236E-02,0.2618, 5.236E-02, 0.349066667
	1.E-03, 2.941379829E-05, 0.239328495
	2.E-03, 5.882759658E-05, 0.472228837
	3.5E-03, 1.02948294E-04, 0.809779592
	5.75E-03, 1.691293402E-04, 1.29031021
	9.125E-03, 2.684009094E-04, 1.95553
	1.41875E-02, 4.173082633E-04, 2.83629444
	2.178125E-02, 6.40669294E-04, 3.91880677
	3.178125E-02, 9.34807277E-04, 4.96551282
	4.178125E-02, 1.22894526E-03, 5.65205069
	5.178125E-02, 1.523083243E-03, 6.04435534
	6.178125E-02, 1.817221226E-03, 6.19862526
	7.178125E-02, 2.111359209E-03, 6.16276862
	8.178125E-02, 2.405497192E-03, 5.97636167
	9.178125E-02, 2.699635174E-03, 5.676792
	0.10178125, 2.993773157E-03, 5.29243225
	0.11178125, 3.28791114E-03, 4.84855329
	0.12178125, 3.582049123E-03, 4.36666066
	0.13178125, 3.876187106E-03, 3.86499483
	0.14178125, 4.170325089E-03, 3.35894658
	0.15178125, 4.464463072E-03, 2.86138689
	0.16178125, 4.758601055E-03, 2.38292812
	0.17178125, 5.052739038E-03, 1.93212568
	0.18178125, 5.346877021E-03, 1.51564332
	0.19178125, 5.641015004E-03, 1.13839067
	0.20178125, 5.935152987E-03, 0.80365335
	0.21178125, 6.229290969E-03, 0.513227274
	0.22178125, 6.523428952E-03, 0.267567241
	0.23178125, 6.817566935E-03, 6.59541488E-02
	0.24178125, 7.111704918E-03, -9.332142634E-02
	0.25178125, 7.405842901E-03, -0.212764295
	0.26178125, 7.699980884E-03, -0.295478617
	0.27178125, 7.994118867E-03, -0.344979063
	0.28178125, 8.28825685E-03, -0.365017622
	0.29178125, 8.582394833E-03, -0.359432052
	0.30178125, 8.876532816E-03, -0.332017526
	0.31178125, 9.170670799E-03, -0.286423995
	0.32178125, 9.464808781E-03, -0.226076746
	0.33178125, 9.758946764E-03, -0.154118325
	0.34178125, 1.005308475E-02, -7.33692591E-02
	0.35178125, 1.034722273E-02, 1.369529303E-02
	0.36178125, 1.064136071E-02, 0.104955727
	0.37178125, 1.09354987E-02, 0.198647503
	0.38178125, 1.122963668E-02, 0.293352083
	0.39178125, 1.152377466E-02, 0.38798075
	0.40178125, 1.181791264E-02, 0.481753042
	0.41178125, 1.211205063E-02, 0.574170772
	0.42178125, 1.240618861E-02, 0.664988693
	0.43178125, 1.270032659E-02, 0.754182549
	0.44178125, 1.299446458E-02, 0.841914558
	0.45178125, 1.328860256E-02, 0.928497811
	0.46178125, 1.358274054E-02, 1.0143591
	0.47178125, 1.387687853E-02, 1.10000081
	0.48178125, 1.417101651E-02, 1.18596224
	0.49178125, 1.446515449E-02, 1.27278036
	0.50178125, 1.475929247E-02, 1.36095
	0.51178125, 1.505343046E-02, 1.45088416
	0.52178125, 1.534756844E-02, 1.54287362
	0.53178125, 1.564170642E-02, 1.63704722
	0.54178125, 1.593584441E-02, 1.73333103
	0.55178125, 1.622998239E-02, 1.83140955
	0.56178125, 1.652412037E-02, 1.93068518
	0.57178125, 1.681825835E-02, 2.03024017
	0.58178125, 1.711239634E-02, 2.12880028
	0.59178125, 1.740653432E-02, 2.22469985
	0.60178125, 1.77006723E-02, 2.31585259
	0.61178125, 1.799481029E-02, 2.39972749
	0.62178125, 1.828894827E-02, 2.47333503
	0.63178125, 1.858308625E-02, 2.53322549
	0.64178125, 1.887722423E-02, 2.57550594
	0.65178125, 1.917136222E-02, 2.59588106
	0.66178125, 1.94655002E-02, 2.58972497
	0.67178125, 1.975963818E-02, 2.55219118
	0.68178125, 2.005377617E-02, 2.47837051
	0.69178125, 2.034791415E-02, 2.36349971
	0.70178125, 2.064205213E-02, 2.20322798
	0.71178125, 2.093619012E-02, 1.99393696
	0.72178125, 2.12303281E-02, 1.73310965
	0.73178125, 2.152446608E-02, 1.41972929
	0.74178125, 2.181860406E-02, 1.05468769
	0.75178125, 2.211274205E-02, 0.641173835
	0.76178125, 2.240688003E-02, 0.18500646
	0.77178125, 2.270101801E-02, -0.305126501
	0.78178125, 2.2995156E-02, -0.817569744
	0.79178125, 2.328929398E-02, -1.33779351
	0.80178125, 2.358343196E-02, -1.84872217
	0.81178125, 2.387756994E-02, -2.33132334
	0.82178125, 2.417170793E-02, -2.7643371
	0.83178125, 2.446584591E-02, -3.12895156
	0.84178125, 2.475998389E-02, -3.40515286
	0.85178125, 2.505412188E-02, -3.57467058
	0.86178125, 2.534825986E-02, -3.62095397
	0.87178125, 2.564239784E-02, -3.52917981
	0.88178125, 2.593653582E-02, -3.28595293
	0.89178125, 2.623067381E-02, -2.87879572
	0.90178125, 2.652481179E-02, -2.29552734
	0.91178125, 2.681894977E-02, -1.52361093
	0.92178125, 2.711308776E-02, -0.549512364
	0.93178125, 2.740722574E-02, 0.641914393
	0.94178125, 2.770136372E-02, 2.06801771
	0.95178125, 2.799550171E-02, 3.74893798
	0.96178125, 2.828963969E-02, 5.70820636
	0.97178125, 2.858377767E-02, 7.97338724
	0.98178125, 2.887791565E-02, 10.5767573
	0.99178125, 2.917205364E-02, 13.5560534
	1, 2.941379829E-02, 16.3168577
