 5.E-03, 4.E-04, 2.5E-03,2.5E-03, 3.E-03, 1.E-02,5.E-03, 1.3E-02, 2.E-03,3.5E-02, 4.E-03, 5.236E-02,0.2618, 5.236E-02, 0.349066667
	1.E-03, 2.941379829E-05, 0.15429463
	2.E-03, 5.882759658E-05, 0.304363636
	3.5E-03, 1.02948294E-04, 0.521726905
	5.75E-03, 1.691293402E-04, 0.830897403
	9.125E-03, 2.684009094E-04, 1.25843568
	1.41875E-02, 4.173082633E-04, 1.82392513
	2.178125E-02, 6.40669294E-04, 2.5186129
	3.178125E-02, 9.34807277E-04, 3.19174241
	4.178125E-02, 1.22894526E-03, 3.6369673
	5.178125E-02, 1.523083243E-03, 3.89738872
	6.178125E-02, 1.817221226E-03, 4.00936123
	7.178125E-02, 2.111359209E-03, 4.00102699
	8.178125E-02, 2.405497192E-03, 3.90406126
	9.178125E-02, 2.699635174E-03, 3.73836131
	0.10178125, 2.993773157E-03, 3.52279654
	0.11178125, 3.28791114E-03, 3.27357325
	0.12178125, 3.582049123E-03, 3.00430267
	0.13178125, 3.876187106E-03, 2.72630102
	0.14178125, 4.170325089E-03, 2.44883826
	0.15178125, 4.464463072E-03, 2.17934976
	0.16178125, 4.758601055E-03, 1.92363163
	0.17178125, 5.052739038E-03, 1.68602077
	0.18178125, 5.346877021E-03, 1.46956968
	0.19178125, 5.641015004E-03, 1.27621263
	0.20178125, 5.935152987E-03, 1.10692675
	0.21178125, 6.229290969E-03, 0.961885527
	0.22178125, 6.523428952E-03, 0.840603916
	0.23178125, 6.817566935E-03, 0.742073395
	0.24178125, 7.111704918E-03, 0.664885625
	0.25178125, 7.405842901E-03, 0.607343258
	0.26178125, 7.699980884E-03, 0.567557783
	0.27178125, 7.994118867E-03, 0.543533822
	0.28178125, 8.28825685E-03, 0.53324065
	0.29178125, 8.582394833E-03, 0.534671282
	0.30178125, 8.876532816E-03, 0.54589024
	0.31178125, 9.170670799E-03, 0.565071117
	0.32178125, 9.464808781E-03, 0.590524935
	0.33178125, 9.758946764E-03, 0.620720806
	0.34178125, 1.005308475E-02, 0.654299477
	0.35178125, 1.034722273E-02, 0.690081184
	0.36178125, 1.064136071E-02, 0.727068379
	0.37178125, 1.09354987E-02, 0.764444403
	0.38178125, 1.122963668E-02, 0.801568459
	0.39178125, 1.152377466E-02, 0.837967702
	0.40178125, 1.181791264E-02, 0.87332648
	0.41178125, 1.211205063E-02, 0.907473847
	0.42178125, 1.240618861E-02, 0.940368749
	0.43178125, 1.270032659E-02, 0.972083871
	0.44178125, 1.299446458E-02, 1.00278826
	0.45178125, 1.328860256E-02, 1.03272865
	0.46178125, 1.358274054E-02, 1.06220986
	0.47178125, 1.387687853E-02, 1.09157438
	0.48178125, 1.417101651E-02, 1.12118198
	0.49178125, 1.446515449E-02, 1.1513878
	0.50178125, 1.475929247E-02, 1.18252114
	0.51178125, 1.505343046E-02, 1.21486366
	0.52178125, 1.534756844E-02, 1.24862799
	0.53178125, 1.564170642E-02, 1.283936
	0.54178125, 1.593584441E-02, 1.32079832
	0.55178125, 1.622998239E-02, 1.35909317
	0.56178125, 1.652412037E-02, 1.39854817
	0.57178125, 1.681825835E-02, 1.43872078
	0.58178125, 1.711239634E-02, 1.47898309
	0.59178125, 1.740653432E-02, 1.51850692
	0.60178125, 1.77006723E-02, 1.55625277
	0.61178125, 1.799481029E-02, 1.59096271
	0.62178125, 1.828894827E-02, 1.62115748
	0.63178125, 1.858308625E-02, 1.64514122
	0.64178125, 1.887722423E-02, 1.66101298
	0.65178125, 1.917136222E-02, 1.66668902
	0.66178125, 1.94655002E-02, 1.65993654
	0.67178125, 1.975963818E-02, 1.63842326
	0.68178125, 2.005377617E-02, 1.59978229
	0.69178125, 2.034791415E-02, 1.54169841
	0.70178125, 2.064205213E-02, 1.46201442
	0.71178125, 2.093619012E-02, 1.35886081
	0.72178125, 2.12303281E-02, 1.23080762
	0.73178125, 2.152446608E-02, 1.07703735
	0.74178125, 2.181860406E-02, 0.897531235
	0.75178125, 2.211274205E-02, 0.693264494
	0.76178125, 2.240688003E-02, 0.466394244
	0.77178125, 2.270101801E-02, 0.220426014
	0.78178125, 2.2995156E-02, -3.966084626E-02
	0.79178125, 2.328929398E-02, -0.307349143
	0.80178125, 2.358343196E-02, -0.574599872
	0.81178125, 2.387756994E-02, -0.831958876
	0.82178125, 2.417170793E-02, -1.06875545
	0.83178125, 2.446584591E-02, -1.27337754
	0.84178125, 2.475998389E-02, -1.43366992
	0.85178125, 2.505412188E-02, -1.53662867
	0.86178125, 2.534825986E-02, -1.57019928
	0.87178125, 2.564239784E-02, -1.52211124
	0.88178125, 2.593653582E-02, -1.38041398
	0.89178125, 2.623067381E-02, -1.13346551
	0.90178125, 2.652481179E-02, -0.769806188
	0.91178125, 2.681894977E-02, -0.277932392
	0.92178125, 2.711308776E-02, 0.354014406
	0.93178125, 2.740722574E-02, 1.13862418
	0.94178125, 2.770136372E-02, 2.08964868
	0.95178125, 2.799550171E-02, 3.22247758
	0.96178125, 2.828963969E-02, 4.55465572
	0.97178125, 2.858377767E-02, 6.10644165
	0.98178125, 2.887791565E-02, 7.90140939
	0.99178125, 2.917205364E-02, 9.96709129
	1, 2.941379829E-02, 11.8900029
