 5.E-03, 4.E-04, 2.5E-03,2.5E-03, 3.E-03, 1.E-02,5.E-03, 7.E-03, 2.E-03,3.5E-02, 4.E-03, 5.236E-02,0.2618, 5.236E-02, 0.349066667
	1.E-03, 2.941379829E-05, 0.373453381
	2.E-03, 5.882759658E-05, 0.736852579
	3.5E-03, 1.02948294E-04, 1.26346028
	5.75E-03, 1.691293402E-04, 2.01285479
	9.125E-03, 2.684009094E-04, 3.04939865
	1.41875E-02, 4.173082633E-04, 4.41921849
	2.178125E-02, 6.40669294E-04, 6.096045
	3.178125E-02, 9.34807277E-04, 7.70531479
	4.178125E-02, 1.22894526E-03, 8.74973349
	5.178125E-02, 1.523083243E-03, 9.33919676
	6.178125E-02, 1.817221226E-03, 9.56683193
	7.178125E-02, 2.111359209E-03, 9.51031737
	8.178125E-02, 2.405497192E-03, 9.23373319
	9.178125E-02, 2.699635174E-03, 8.78959165
	0.10178125, 2.993773157E-03, 8.22079738
	0.11178125, 3.28791114E-03, 7.56176208
	0.12178125, 3.582049123E-03, 6.84263634
	0.13178125, 3.876187106E-03, 6.08602575
	0.14178125, 4.170325089E-03, 5.31134843
	0.15178125, 4.464463072E-03, 4.53460119
	0.16178125, 4.758601055E-03, 3.76905401
	0.17178125, 5.052739038E-03, 3.02591313
	0.18178125, 5.346877021E-03, 2.31412844
	0.19178125, 5.641015004E-03, 1.6416029
	0.20178125, 5.935152987E-03, 1.0148804
	0.21178125, 6.229290969E-03, 0.439507938
	0.22178125, 6.523428952E-03, -7.981136402E-02
	0.23178125, 6.817566935E-03, -0.539131837
	0.24178125, 7.111704918E-03, -0.9352586
	0.25178125, 7.405842901E-03, -1.2668411
	0.26178125, 7.699980884E-03, -1.53073183
	0.27178125, 7.994118867E-03, -1.72757908
	0.28178125, 8.28825685E-03, -1.85894133
	0.29178125, 8.582394833E-03, -1.92798432
	0.30178125, 8.876532816E-03, -1.93955746
	0.31178125, 9.170670799E-03, -1.89989665
	0.32178125, 9.464808781E-03, -1.81613727
	0.33178125, 9.758946764E-03, -1.69576078
	0.34178125, 1.005308475E-02, -1.54609702
	0.35178125, 1.034722273E-02, -1.37395021
	0.36178125, 1.064136071E-02, -1.18536345
	0.37178125, 1.09354987E-02, -0.985498776
	0.38178125, 1.122963668E-02, -0.778603956
	0.39178125, 1.152377466E-02, -0.568036367
	0.40178125, 1.181791264E-02, -0.356322078
	0.41178125, 1.211205063E-02, -0.145236219
	0.42178125, 1.240618861E-02, 6.41074673E-02
	0.43178125, 1.270032659E-02, 0.271162063
	0.44178125, 1.299446458E-02, 0.475852934
	0.45178125, 1.328860256E-02, 0.678484081
	0.46178125, 1.358274054E-02, 0.879646492
	0.47178125, 1.387687853E-02, 1.08012844
	0.48178125, 1.417101651E-02, 1.28082751
	0.49178125, 1.446515449E-02, 1.48266304
	0.50178125, 1.475929247E-02, 1.68648939
	0.51178125, 1.505343046E-02, 1.89300712
	0.52178125, 1.534756844E-02, 2.10267211
	0.53178125, 1.564170642E-02, 2.3156003
	0.54178125, 1.593584441E-02, 2.53146707
	0.55178125, 1.622998239E-02, 2.74939836
	0.56178125, 1.652412037E-02, 2.96785501
	0.57178125, 1.681825835E-02, 3.18450659
	0.58178125, 1.711239634E-02, 3.3961021
	0.59178125, 1.740653432E-02, 3.59834086
	0.60178125, 1.77006723E-02, 3.78576012
	0.61178125, 1.799481029E-02, 3.9516661
	0.62178125, 1.828894827E-02, 4.08814794
	0.63178125, 1.858308625E-02, 4.1862312
	0.64178125, 1.887722423E-02, 4.23623246
	0.65178125, 1.917136222E-02, 4.22834935
	0.66178125, 1.94655002E-02, 4.15343976
	0.67178125, 1.975963818E-02, 4.003832
	0.68178125, 2.005377617E-02, 3.77392394
	0.69178125, 2.034791415E-02, 3.46039978
	0.70178125, 2.064205213E-02, 3.05895231
	0.71178125, 2.093619012E-02, 2.57653784
	0.72178125, 2.12303281E-02, 2.01217692
	0.73178125, 2.152446608E-02, 1.36962268
	0.74178125, 2.181860406E-02, 0.654578159
	0.75178125, 2.211274205E-02, -0.124644637
	0.76178125, 2.240688003E-02, -0.956269825
	0.77178125, 2.270101801E-02, -1.82414607
	0.78178125, 2.2995156E-02, -2.70699903
	0.79178125, 2.328929398E-02, -3.5797546
	0.80178125, 2.358343196E-02, -4.40868213
	0.81178125, 2.387756994E-02, -5.16391064
	0.82178125, 2.417170793E-02, -5.811837
	0.83178125, 2.446584591E-02, -6.32275918
	0.84178125, 2.475998389E-02, -6.67173373
	0.85178125, 2.505412188E-02, -6.83908681
	0.86178125, 2.534825986E-02, -6.80968974
	0.87178125, 2.564239784E-02, -6.57140688
	0.88178125, 2.593653582E-02, -6.11340215
	0.89178125, 2.623067381E-02, -5.42453148
	0.90178125, 2.652481179E-02, -4.49202481
	0.91178125, 2.681894977E-02, -3.30044482
	0.92178125, 2.711308776E-02, -1.8308336
	0.93178125, 2.740722574E-02, -6.000175214E-02
	0.94178125, 2.770136372E-02, 2.04012092
	0.95178125, 2.799550171E-02, 4.5031055
	0.96178125, 2.828963969E-02, 7.36863363
	0.97178125, 2.858377767E-02, 10.683108
	0.98178125, 2.887791565E-02, 14.5005513
	0.99178125, 2.917205364E-02, 18.8813573
	1, 2.941379829E-02, 22.9525141
