 5.E-03, 4.E-04, 2.5E-03,2.5E-03, 3.E-03, 1.E-02,5.E-03, 8.E-03, 2.E-03,3.5E-02, 4.E-03, 5.236E-02,0.2618, 5.236E-02, 0.349066667
	1.E-03, 2.941379829E-05, 0.322219124
	2.E-03, 5.882759658E-05, 0.63584018
	3.5E-03, 1.02948294E-04, 1.09046826
	5.75E-03, 1.691293402E-04, 1.73780627
	9.125E-03, 2.684009094E-04, 2.63409997
	1.41875E-02, 4.173082633E-04, 3.8207549
	2.178125E-02, 6.40669294E-04, 5.2782953
	3.178125E-02, 9.34807277E-04, 6.68525121
	4.178125E-02, 1.22894526E-03, 7.60582643
	5.178125E-02, 1.523083243E-03, 8.13087406
	6.178125E-02, 1.817221226E-03, 8.33783206
	7.178125E-02, 2.111359209E-03, 8.29211669
	8.178125E-02, 2.405497192E-03, 8.04861959
	9.178125E-02, 2.699635174E-03, 7.65319949
	0.10178125, 2.993773157E-03, 7.14339547
	0.11178125, 3.28791114E-03, 6.55258215
	0.12178125, 3.582049123E-03, 5.90641256
	0.13178125, 3.876187106E-03, 5.22712438
	0.14178125, 4.170325089E-03, 4.53329848
	0.15178125, 4.464463072E-03, 3.840547
	0.16178125, 4.758601055E-03, 3.16201952
	0.17178125, 5.052739038E-03, 2.50931698
	0.18178125, 5.346877021E-03, 1.89086192
	0.19178125, 5.641015004E-03, 1.31491683
	0.20178125, 5.935152987E-03, 0.787941549
	0.21178125, 6.229290969E-03, 0.315101887
	0.22178125, 6.523428952E-03, -0.100831299
	0.23178125, 6.817566935E-03, -0.455287122
	0.24178125, 7.111704918E-03, -0.747981828
	0.25178125, 7.405842901E-03, -0.979376873
	0.26178125, 7.699980884E-03, -1.1512962
	0.27178125, 7.994118867E-03, -1.26695512
	0.28178125, 8.28825685E-03, -1.33073805
	0.29178125, 8.582394833E-03, -1.3478995
	0.30178125, 8.876532816E-03, -1.32422896
	0.31178125, 9.170670799E-03, -1.26572265
	0.32178125, 9.464808781E-03, -1.17829934
	0.33178125, 9.758946764E-03, -1.06757706
	0.34178125, 1.005308475E-02, -0.938713701
	0.35178125, 1.034722273E-02, -0.796305766
	0.36178125, 1.064136071E-02, -0.644333794
	0.37178125, 1.09354987E-02, -0.486145139
	0.38178125, 1.122963668E-02, -0.324463065
	0.39178125, 1.152377466E-02, -0.161415483
	0.40178125, 1.181791264E-02, 1.423440037E-03
	0.41178125, 1.211205063E-02, 0.162982779
	0.42178125, 1.240618861E-02, 0.322638794
	0.43178125, 1.270032659E-02, 0.480155127
	0.44178125, 1.299446458E-02, 0.635621093
	0.45178125, 1.328860256E-02, 0.789388815
	0.46178125, 1.358274054E-02, 0.942009818
	0.47178125, 1.387687853E-02, 1.09417116
	0.48178125, 1.417101651E-02, 1.24663193
	0.49178125, 1.446515449E-02, 1.40015912
	0.50178125, 1.475929247E-02, 1.55546359
	0.51178125, 1.505343046E-02, 1.71313497
	0.52178125, 1.534756844E-02, 1.87357592
	0.53178125, 1.564170642E-02, 2.03693483
	0.54178125, 1.593584441E-02, 2.20303654
	0.55178125, 1.622998239E-02, 2.37131079
	0.56178125, 1.652412037E-02, 2.54071862
	0.57178125, 1.681825835E-02, 2.70967628
	0.58178125, 1.711239634E-02, 2.87597796
	0.59178125, 1.740653432E-02, 3.03672104
	0.60178125, 1.77006723E-02, 3.18823593
	0.61178125, 1.799481029E-02, 3.32602916
	0.62178125, 1.828894827E-02, 3.44475178
	0.63178125, 1.858308625E-02, 3.53820544
	0.64178125, 1.887722423E-02, 3.59941092
	0.65178125, 1.917136222E-02, 3.62075998
	0.66178125, 1.94655002E-02, 3.59427541
	0.67178125, 1.975963818E-02, 3.51199153
	0.68178125, 2.005377617E-02, 3.36644363
	0.69178125, 2.034791415E-02, 3.15122266
	0.70178125, 2.064205213E-02, 2.86151637
	0.71178125, 2.093619012E-02, 2.49143109
	0.72178125, 2.12303281E-02, 2.04673394
	0.73178125, 2.152446608E-02, 1.52665309
	0.74178125, 2.181860406E-02, 0.936055918
	0.75178125, 2.211274205E-02, 0.282747878
	0.76178125, 2.240688003E-02, -0.422202086
	0.77178125, 2.270101801E-02, -1.16409274
	0.78178125, 2.2995156E-02, -1.92384702
	0.79178125, 2.328929398E-02, -2.68040244
	0.80178125, 2.358343196E-02, -3.40657947
	0.81178125, 2.387756994E-02, -4.07502839
	0.82178125, 2.417170793E-02, -4.65756026
	0.83178125, 2.446584591E-02, -5.12754885
	0.84178125, 2.475998389E-02, -5.46140489
	0.85178125, 2.505412188E-02, -5.63930696
	0.86178125, 2.534825986E-02, -5.64506882
	0.87178125, 2.564239784E-02, -5.46530106
	0.88178125, 2.593653582E-02, -5.08826221
	0.89178125, 2.623067381E-02, -4.50262141
	0.90178125, 2.652481179E-02, -3.69634028
	0.91178125, 2.681894977E-02, -2.65572252
	0.92178125, 2.711308776E-02, -1.36461554
	0.93178125, 2.740722574E-02, 0.196277481
	0.94178125, 2.770136372E-02, 2.05001947
	0.95178125, 2.799550171E-02, 4.22403621
	0.96178125, 2.828963969E-02, 6.75072795
	0.97178125, 2.858377767E-02, 9.66808688
	0.98178125, 2.887791565E-02, 13.0207251
	0.99178125, 2.917205364E-02, 16.8586566
	1, 2.941379829E-02, 20.4179636
