 5.E-03, 4.E-04, 2.5E-03,2.5E-03, 3.E-03, 1.E-02,5.E-03, 1.1E-02, 2.E-03,3.5E-02, 4.E-03, 5.236E-02,0.2618, 5.236E-02, 0.349066667
	1.E-03, 2.941379829E-05, 0.206452646
	2.E-03, 5.882759658E-05, 0.407317916
	3.5E-03, 1.02948294E-04, 0.698366495
	5.75E-03, 1.691293402E-04, 1.11255355
	9.125E-03, 2.684009094E-04, 1.68566326
	1.41875E-02, 4.173082633E-04, 2.44404435
	2.178125E-02, 6.40669294E-04, 3.37557583
	3.178125E-02, 9.34807277E-04, 4.27597944
	4.178125E-02, 1.22894526E-03, 4.8667999
	5.178125E-02, 1.523083243E-03, 5.20514465
	6.178125E-02, 1.817221226E-03, 5.33957046
	7.178125E-02, 2.111359209E-03, 5.31148034
	8.178125E-02, 2.405497192E-03, 5.1545503
	9.178125E-02, 2.699635174E-03, 4.90238709
	0.10178125, 2.993773157E-03, 4.57920354
	0.11178125, 3.28791114E-03, 4.20696657
	0.12178125, 3.582049123E-03, 3.80441098
	0.13178125, 3.876187106E-03, 3.3873432
	0.14178125, 4.170325089E-03, 2.96897076
	0.15178125, 4.464463072E-03, 2.56016788
	0.16178125, 4.758601055E-03, 2.16969819
	0.17178125, 5.052739038E-03, 1.80440599
	0.18178125, 5.346877021E-03, 1.46939133
	0.19178125, 5.641015004E-03, 1.16817713
	0.20178125, 5.935152987E-03, 0.902876787
	0.21178125, 6.229290969E-03, 0.674364869
	0.22178125, 6.523428952E-03, 0.482452701
	0.23178125, 6.817566935E-03, 0.326065573
	0.24178125, 7.111704918E-03, 0.203418347
	0.25178125, 7.405842901E-03, 0.112183954
	0.26178125, 7.699980884E-03, 4.96508447E-02
	0.27178125, 7.994118867E-03, 1.286450018E-02
	0.28178125, 8.28825685E-03, -1.247974574E-03
	0.29178125, 8.582394833E-03, 4.227385766E-03
	0.30178125, 8.876532816E-03, 2.627816874E-02
	0.31178125, 9.170670799E-03, 6.203455148E-02
	0.32178125, 9.464808781E-03, 0.108821997
	0.33178125, 9.758946764E-03, 0.164199298
	0.34178125, 1.005308475E-02, 0.225984294
	0.35178125, 1.034722273E-02, 0.292269209
	0.36178125, 1.064136071E-02, 0.361426406
	0.37178125, 1.09354987E-02, 0.432107233
	0.38178125, 1.122963668E-02, 0.503234733
	0.39178125, 1.152377466E-02, 0.57399077
	0.40178125, 1.181791264E-02, 0.643799719
	0.41178125, 1.211205063E-02, 0.71230835
	0.42178125, 1.240618861E-02, 0.779362822
	0.43178125, 1.270032659E-02, 0.844983956
	0.44178125, 1.299446458E-02, 0.9093399
	0.45178125, 1.328860256E-02, 0.972718069
	0.46178125, 1.358274054E-02, 1.0354954
	0.47178125, 1.387687853E-02, 1.09810767
	0.48178125, 1.417101651E-02, 1.16101857
	0.49178125, 1.446515449E-02, 1.22468791
	0.50178125, 1.475929247E-02, 1.28953923
	0.51178125, 1.505343046E-02, 1.35592805
	0.52178125, 1.534756844E-02, 1.42410913
	0.53178125, 1.564170642E-02, 1.49420453
	0.54178125, 1.593584441E-02, 1.5661717
	0.55178125, 1.622998239E-02, 1.6397719
	0.56178125, 1.652412037E-02, 1.71453974
	0.57178125, 1.681825835E-02, 1.78975414
	0.58178125, 1.711239634E-02, 1.8644101
	0.59178125, 1.740653432E-02, 1.93719495
	0.60178125, 1.77006723E-02, 2.0064664
	0.61178125, 1.799481029E-02, 2.07023738
	0.62178125, 1.828894827E-02, 2.12616753
	0.63178125, 1.858308625E-02, 2.17156472
	0.64178125, 1.887722423E-02, 2.20339963
	0.65178125, 1.917136222E-02, 2.21833721
	0.66178125, 1.94655002E-02, 2.21278927
	0.67178125, 1.975963818E-02, 2.18299381
	0.68178125, 2.005377617E-02, 2.12512615
	0.69178125, 2.034791415E-02, 2.03544576
	0.70178125, 2.064205213E-02, 1.91048427
	0.71178125, 2.093619012E-02, 1.74727492
	0.72178125, 2.12303281E-02, 1.54362219
	0.73178125, 2.152446608E-02, 1.29840548
	0.74178125, 2.181860406E-02, 1.01190253
	0.75178125, 2.211274205E-02, 0.686114633
	0.76178125, 2.240688003E-02, 0.325064022
	0.77178125, 2.270101801E-02, -6.496886915E-02
	0.78178125, 2.2995156E-02, -0.475308397
	0.79178125, 2.328929398E-02, -0.894886606
	0.80178125, 2.358343196E-02, -1.31041817
	0.81178125, 2.387756994E-02, -1.70676258
	0.82178125, 2.417170793E-02, -2.06745555
	0.83178125, 2.446584591E-02, -2.3745825
	0.84178125, 2.475998389E-02, -2.61205238
	0.85178125, 2.505412188E-02, -2.76308994
	0.86178125, 2.534825986E-02, -2.81208868
	0.87178125, 2.564239784E-02, -2.74455692
	0.88178125, 2.593653582E-02, -2.54705377
	0.89178125, 2.623067381E-02, -2.20693146
	0.90178125, 2.652481179E-02, -1.71193643
	0.91178125, 2.681894977E-02, -1.04972948
	0.92178125, 2.711308776E-02, -0.207362105
	0.93178125, 2.740722574E-02, 0.829263904
	0.94178125, 2.770136372E-02, 2.07594335
	0.95178125, 2.799550171E-02, 3.55073122
	0.96178125, 2.828963969E-02, 5.27452533
	0.97178125, 2.858377767E-02, 7.27168966
	0.98178125, 2.887791565E-02, 9.57071964
	0.99178125, 2.917205364E-02, 12.2049717
	1, 2.941379829E-02, 14.6482026
