 5.E-03, 4.E-04, 2.5E-03,2.5E-03, 3.E-03, 1.E-02,5.E-03, 6.E-03, 2.E-03,3.5E-02, 4.E-03, 5.236E-02,0.2618, 5.236E-02, 0.349066667
	1.E-03, 2.941379829E-05, 0.425706901
	2.E-03, 5.882759658E-05, 0.839714592
	3.5E-03, 1.02948294E-04, 1.43919988
	5.75E-03, 1.691293402E-04, 2.29124014
	9.125E-03, 2.684009094E-04, 3.46731161
	1.41875E-02, 4.173082633E-04, 5.01598601
	2.178125E-02, 6.40669294E-04, 6.89993768
	3.178125E-02, 9.34807277E-04, 8.68935046
	4.178125E-02, 1.22894526E-03, 9.83383421
	5.178125E-02, 1.523083243E-03, 10.4666886
	6.178125E-02, 1.817221226E-03, 10.699255
	7.178125E-02, 2.111359209E-03, 10.6224763
	8.178125E-02, 2.405497192E-03, 10.3096166
	9.178125E-02, 2.699635174E-03, 9.81930421
	0.10178125, 2.993773157E-03, 9.19838837
	0.11178125, 3.28791114E-03, 8.48438228
	0.12178125, 3.582049123E-03, 7.70677398
	0.13178125, 3.876187106E-03, 6.89149231
	0.14178125, 4.170325089E-03, 6.05732677
	0.15178125, 4.464463072E-03, 5.22043337
	0.16178125, 4.758601055E-03, 4.39399371
	0.17178125, 5.052739038E-03, 3.58893042
	0.18178125, 5.346877021E-03, 2.81375055
	0.19178125, 5.641015004E-03, 2.07615622
	0.20178125, 5.935152987E-03, 1.38183239
	0.21178125, 6.229290969E-03, 0.735783027
	0.22178125, 6.523428952E-03, 0.142062802
	0.23178125, 6.817566935E-03, -0.395954299
	0.24178125, 7.111704918E-03, -0.87542753
	0.25178125, 7.405842901E-03, -1.29393116
	0.26178125, 7.699980884E-03, -1.64937608
	0.27178125, 7.994118867E-03, -1.94068139
	0.28178125, 8.28825685E-03, -2.1652894
	0.29178125, 8.582394833E-03, -2.32290179
	0.30178125, 8.876532816E-03, -2.41376746
	0.31178125, 9.170670799E-03, -2.43951975
	0.32178125, 9.464808781E-03, -2.40371054
	0.33178125, 9.758946764E-03, -2.31200601
	0.34178125, 1.005308475E-02, -2.17191046
	0.35178125, 1.034722273E-02, -1.99204048
	0.36178125, 1.064136071E-02, -1.78121302
	0.37178125, 1.09354987E-02, -1.54766297
	0.38178125, 1.122963668E-02, -1.29854768
	0.39178125, 1.152377466E-02, -1.03972964
	0.40178125, 1.181791264E-02, -0.775754006
	0.41178125, 1.211205063E-02, -0.509937087
	0.42178125, 1.240618861E-02, -0.244509911
	0.43178125, 1.270032659E-02, 1.92181965E-02
	0.44178125, 1.299446458E-02, 0.280694833
	0.45178125, 1.328860256E-02, 0.539965964
	0.46178125, 1.358274054E-02, 0.797527414
	0.47178125, 1.387687853E-02, 1.05418539
	0.48178125, 1.417101651E-02, 1.31092351
	0.49178125, 1.446515449E-02, 1.56877528
	0.50178125, 1.475929247E-02, 1.82869629
	0.51178125, 1.505343046E-02, 2.09143493
	0.52178125, 1.534756844E-02, 2.35739438
	0.53178125, 1.564170642E-02, 2.62648344
	0.54178125, 1.593584441E-02, 2.89794872
	0.55178125, 1.622998239E-02, 3.17018585
	0.56178125, 1.652412037E-02, 3.44052613
	0.57178125, 1.681825835E-02, 3.70500385
	0.58178125, 1.711239634E-02, 3.9581281
	0.59178125, 1.740653432E-02, 4.19270614
	0.60178125, 1.77006723E-02, 4.39895871
	0.61178125, 1.799481029E-02, 4.56785175
	0.62178125, 1.828894827E-02, 4.68765757
	0.63178125, 1.858308625E-02, 4.74766297
	0.64178125, 1.887722423E-02, 4.73887984
	0.65178125, 1.917136222E-02, 4.65489413
	0.66178125, 1.94655002E-02, 4.4918911
	0.67178125, 1.975963818E-02, 4.2505653
	0.68178125, 2.005377617E-02, 3.92518741
	0.69178125, 2.034791415E-02, 3.51550691
	0.70178125, 2.064205213E-02, 3.02676045
	0.71178125, 2.093619012E-02, 2.45665335
	0.72178125, 2.12303281E-02, 1.8059335
	0.73178125, 2.152446608E-02, 1.07637226
	0.74178125, 2.181860406E-02, 0.271656948
	0.75178125, 2.211274205E-02, -0.601388251
	0.76178125, 2.240688003E-02, -1.52799728
	0.77178125, 2.270101801E-02, -2.50013082
	0.78178125, 2.2995156E-02, -3.48588023
	0.79178125, 2.328929398E-02, -4.45124164
	0.80178125, 2.358343196E-02, -5.36920996
	0.81178125, 2.387756994E-02, -6.19321712
	0.82178125, 2.417170793E-02, -6.89318154
	0.83178125, 2.446584591E-02, -7.43484138
	0.84178125, 2.475998389E-02, -7.79255099
	0.85178125, 2.505412188E-02, -7.94719644
	0.86178125, 2.534825986E-02, -7.88471428
	0.87178125, 2.564239784E-02, -7.59388433
	0.88178125, 2.593653582E-02, -7.06553918
	0.89178125, 2.623067381E-02, -6.28376109
	0.90178125, 2.652481179E-02, -5.23878732
	0.91178125, 2.681894977E-02, -3.90980807
	0.92178125, 2.711308776E-02, -2.27459434
	0.93178125, 2.740722574E-02, -0.306466738
	0.94178125, 2.770136372E-02, 2.03111911
	0.95178125, 2.799550171E-02, 4.77888021
	0.96178125, 2.828963969E-02, 7.98576369
	0.97178125, 2.858377767E-02, 11.7095802
	0.98178125, 2.887791565E-02, 16.0140989
	0.99178125, 2.917205364E-02, 20.974521
	1, 2.941379829E-02, 25.6005459
