 5.E-03, 4.E-04, 2.5E-03,2.5E-03, 3.E-03, 1.E-02,5.E-03, 5.E-03, 2.E-03,3.5E-02, 4.E-03, 2.618E-02,0.2618, 2.618E-02, 0.349066667
	1.E-03, 2.941379829E-05, 0.415939414
	2.E-03, 5.882759658E-05, 0.819708883
	3.5E-03, 1.02948294E-04, 1.40302463
	5.75E-03, 1.691293402E-04, 2.22919544
	9.125E-03, 2.684009094E-04, 3.3635263
	1.41875E-02, 4.173082633E-04, 4.8452436
	2.178125E-02, 6.40669294E-04, 6.62551888
	3.178125E-02, 9.34807277E-04, 8.28563296
	4.178125E-02, 1.22894526E-03, 9.32039035
	5.178125E-02, 1.523083243E-03, 9.86840546
	6.178125E-02, 1.817221226E-03, 10.041364
	7.178125E-02, 2.111359209E-03, 9.92793401
	8.178125E-02, 2.405497192E-03, 9.59809159
	9.178125E-02, 2.699635174E-03, 9.10706929
	0.10178125, 2.993773157E-03, 8.49863373
	0.11178125, 3.28791114E-03, 7.8067214
	0.12178125, 3.582049123E-03, 7.06149201
	0.13178125, 3.876187106E-03, 6.28425136
	0.14178125, 4.170325089E-03, 5.49337066
	0.15178125, 4.464463072E-03, 4.70381443
	0.16178125, 4.758601055E-03, 3.92781154
	0.17178125, 5.052739038E-03, 3.17536137
	0.18178125, 5.346877021E-03, 2.4546297
	0.19178125, 5.641015004E-03, 1.77226291
	0.20178125, 5.935152987E-03, 1.13364005
	0.21178125, 6.229290969E-03, 0.543076813
	0.22178125, 6.523428952E-03, 3.99196216E-03
	0.23178125, 6.817566935E-03, -0.480957664
	0.24178125, 7.111704918E-03, -0.909768359
	0.25178125, 7.405842901E-03, -1.28100611
	0.26178125, 7.699980884E-03, -1.59374848
	0.27178125, 7.994118867E-03, -1.84755455
	0.28178125, 8.28825685E-03, -2.04246698
	0.29178125, 8.582394833E-03, -2.17905118
	0.30178125, 8.876532816E-03, -2.25847436
	0.31178125, 9.170670799E-03, -2.28262136
	0.32178125, 9.464808781E-03, -2.25422997
	0.33178125, 9.758946764E-03, -2.17701059
	0.34178125, 1.005308475E-02, -2.05569588
	0.35178125, 1.034722273E-02, -1.89596407
	0.36178125, 1.064136071E-02, -1.70420057
	0.37178125, 1.09354987E-02, -1.48711845
	0.38178125, 1.122963668E-02, -1.2513065
	0.39178125, 1.152377466E-02, -1.00280206
	0.40178125, 1.181791264E-02, -0.746765687
	0.41178125, 1.211205063E-02, -0.487294876
	0.42178125, 1.240618861E-02, -0.227370972
	0.43178125, 1.270032659E-02, 3.10906692E-02
	0.44178125, 1.299446458E-02, 0.287120473
	0.45178125, 1.328860256E-02, 0.540536516
	0.46178125, 1.358274054E-02, 0.791768505
	0.47178125, 1.387687853E-02, 1.04167572
	0.48178125, 1.417101651E-02, 1.29136675
	0.49178125, 1.446515449E-02, 1.54202087
	0.50178125, 1.475929247E-02, 1.79471115
	0.51178125, 1.505343046E-02, 2.05022657
	0.52178125, 1.534756844E-02, 2.30889133
	0.53178125, 1.564170642E-02, 2.57038039
	0.54178125, 1.593584441E-02, 2.83353496
	0.55178125, 1.622998239E-02, 3.09618728
	0.56178125, 1.652412037E-02, 3.35481573
	0.57178125, 1.681825835E-02, 3.60515055
	0.58178125, 1.711239634E-02, 3.84128937
	0.59178125, 1.740653432E-02, 4.05640324
	0.60178125, 1.77006723E-02, 4.24295337
	0.61178125, 1.799481029E-02, 4.39316157
	0.62178125, 1.828894827E-02, 4.49952494
	0.63178125, 1.858308625E-02, 4.55524922
	0.64178125, 1.887722423E-02, 4.55451402
	0.65178125, 1.917136222E-02, 4.49438673
	0.66178125, 1.94655002E-02, 4.36764735
	0.67178125, 1.975963818E-02, 4.17239489
	0.68178125, 2.005377617E-02, 3.90636269
	0.69178125, 2.034791415E-02, 3.56607766
	0.70178125, 2.064205213E-02, 3.15364507
	0.71178125, 2.093619012E-02, 2.66610601
	0.72178125, 2.12303281E-02, 2.10305683
	0.73178125, 2.152446608E-02, 1.46504602
	0.74178125, 2.181860406E-02, 0.754030279
	0.75178125, 2.211274205E-02, -2.571318638E-02
	0.76178125, 2.240688003E-02, -0.866568225
	0.77178125, 2.270101801E-02, -1.75305809
	0.78178125, 2.2995156E-02, -2.67615705
	0.79178125, 2.328929398E-02, -3.60346563
	0.80178125, 2.358343196E-02, -4.50109799
	0.81178125, 2.387756994E-02, -5.3416252
	0.82178125, 2.417170793E-02, -6.07970921
	0.83178125, 2.446584591E-02, -6.68605869
	0.84178125, 2.475998389E-02, -7.12720835
	0.85178125, 2.505412188E-02, -7.37721005
	0.86178125, 2.534825986E-02, -7.4152979
	0.87178125, 2.564239784E-02, -7.22446654
	0.88178125, 2.593653582E-02, -6.78947238
	0.89178125, 2.623067381E-02, -6.09482756
	0.90178125, 2.652481179E-02, -5.12347396
	0.91178125, 2.681894977E-02, -3.85284328
	0.92178125, 2.711308776E-02, -2.25789489
	0.93178125, 2.740722574E-02, -0.307496646
	0.94178125, 2.770136372E-02, 2.03889827
	0.95178125, 2.799550171E-02, 4.82804411
	0.96178125, 2.828963969E-02, 8.11613394
	0.97178125, 2.858377767E-02, 11.9699994
	0.98178125, 2.887791565E-02, 16.4634291
	0.99178125, 2.917205364E-02, 21.6837036
	1, 2.941379829E-02, 26.5854615
