 5.E-03, 4.E-04, 2.5E-03,2.5E-03, 3.E-03, 1.E-02,5.E-03, 5.E-03, 2.E-03,3.5E-02, 4.E-03, 8.726666667E-03,0.2618, 8.726666667E-03, 0.349066667
	1.E-03, 2.941379829E-05, 0.378369273
	2.E-03, 5.882759658E-05, 0.745502802
	3.5E-03, 1.02948294E-04, 1.27560742
	5.75E-03, 1.691293402E-04, 2.02584616
	9.125E-03, 2.684009094E-04, 3.05485693
	1.41875E-02, 4.173082633E-04, 4.39720229
	2.178125E-02, 6.40669294E-04, 6.00721846
	3.178125E-02, 9.34807277E-04, 7.50492932
	4.178125E-02, 1.22894526E-03, 8.43424133
	5.178125E-02, 1.523083243E-03, 8.92049197
	6.178125E-02, 1.817221226E-03, 9.06437468
	7.178125E-02, 2.111359209E-03, 8.94601873
	8.178125E-02, 2.405497192E-03, 8.62901225
	9.178125E-02, 2.699635174E-03, 8.16390434
	0.10178125, 2.993773157E-03, 7.5910566
	0.11178125, 3.28791114E-03, 6.94212304
	0.12178125, 3.582049123E-03, 6.24500708
	0.13178125, 3.876187106E-03, 5.51994181
	0.14178125, 4.170325089E-03, 4.78429537
	0.15178125, 4.464463072E-03, 4.05227452
	0.16178125, 4.758601055E-03, 3.33552532
	0.17178125, 5.052739038E-03, 2.64359204
	0.18178125, 5.346877021E-03, 1.98427859
	0.19178125, 5.641015004E-03, 1.36393567
	0.20178125, 5.935152987E-03, 0.787691263
	0.21178125, 6.229290969E-03, 0.259635444
	0.22178125, 6.523428952E-03, -0.217032089
	0.23178125, 6.817566935E-03, -0.639886434
	0.24178125, 7.111704918E-03, -1.00719158
	0.25178125, 7.405842901E-03, -1.31784287
	0.26178125, 7.699980884E-03, -1.57133839
	0.27178125, 7.994118867E-03, -1.76778021
	0.28178125, 8.28825685E-03, -1.90790518
	0.29178125, 8.582394833E-03, -1.99314222
	0.30178125, 8.876532816E-03, -2.02568588
	0.31178125, 9.170670799E-03, -2.00856911
	0.32178125, 9.464808781E-03, -1.94570593
	0.33178125, 9.758946764E-03, -1.8418718
	0.34178125, 1.005308475E-02, -1.70259184
	0.35178125, 1.034722273E-02, -1.53392547
	0.36178125, 1.064136071E-02, -1.34216316
	0.37178125, 1.09354987E-02, -1.13347863
	0.38178125, 1.122963668E-02, -0.913590792
	0.39178125, 1.152377466E-02, -0.687486829
	0.40178125, 1.181791264E-02, -0.45923656
	0.41178125, 1.211205063E-02, -0.231904877
	0.42178125, 1.240618861E-02, -7.551483549E-03
	0.43178125, 1.270032659E-02, 0.212701445
	0.44178125, 1.299446458E-02, 0.428555838
	0.45178125, 1.328860256E-02, 0.640396964
	0.46178125, 1.358274054E-02, 0.84913818
	0.47178125, 1.387687853E-02, 1.05606138
	0.48178125, 1.417101651E-02, 1.26265641
	0.49178125, 1.446515449E-02, 1.4704628
	0.50178125, 1.475929247E-02, 1.68091353
	0.51178125, 1.505343046E-02, 1.89518021
	0.52178125, 1.534756844E-02, 2.11401866
	0.53178125, 1.564170642E-02, 2.33761546
	0.54178125, 1.593584441E-02, 2.56543758
	0.55178125, 1.622998239E-02, 2.79609209
	0.56178125, 1.652412037E-02, 3.0272058
	0.57178125, 1.681825835E-02, 3.25511788
	0.58178125, 1.711239634E-02, 3.47565337
	0.59178125, 1.740653432E-02, 3.68312963
	0.60178125, 1.77006723E-02, 3.87115775
	0.61178125, 1.799481029E-02, 4.03277221
	0.62178125, 1.828894827E-02, 4.16077789
	0.63178125, 1.858308625E-02, 4.2481214
	0.64178125, 1.887722423E-02, 4.28821997
	0.65178125, 1.917136222E-02, 4.27677522
	0.66178125, 1.94655002E-02, 4.2058476
	0.67178125, 1.975963818E-02, 4.07234446
	0.68178125, 2.005377617E-02, 3.87301813
	0.69178125, 2.034791415E-02, 3.60344525
	0.70178125, 2.064205213E-02, 3.26541508
	0.71178125, 2.093619012E-02, 2.85583915
	0.72178125, 2.12303281E-02, 2.37431221
	0.73178125, 2.152446608E-02, 1.8214464
	0.74178125, 2.181860406E-02, 1.1992142
	0.75178125, 2.211274205E-02, 0.511464308
	0.76178125, 2.240688003E-02, -0.235289281
	0.77178125, 2.270101801E-02, -1.03100976
	0.78178125, 2.2995156E-02, -1.85923566
	0.79178125, 2.328929398E-02, -2.705684
	0.80178125, 2.358343196E-02, -3.54088676
	0.81178125, 2.387756994E-02, -4.33152465
	0.82178125, 2.417170793E-02, -5.05142368
	0.83178125, 2.446584591E-02, -5.65767169
	0.84178125, 2.475998389E-02, -6.12501242
	0.85178125, 2.505412188E-02, -6.42233783
	0.86178125, 2.534825986E-02, -6.525193
	0.87178125, 2.564239784E-02, -6.412923
	0.88178125, 2.593653582E-02, -6.06725557
	0.89178125, 2.623067381E-02, -5.47064449
	0.90178125, 2.652481179E-02, -4.60448545
	0.91178125, 2.681894977E-02, -3.44751443
	0.92178125, 2.711308776E-02, -1.97438152
	0.93178125, 2.740722574E-02, -0.154382048
	0.94178125, 2.770136372E-02, 2.04970442
	0.95178125, 2.799550171E-02, 4.68269881
	0.96178125, 2.828963969E-02, 7.79801592
	0.97178125, 2.858377767E-02, 11.4594162
	0.98178125, 2.887791565E-02, 15.7377633
	0.99178125, 2.917205364E-02, 20.7172399
	1, 2.941379829E-02, 25.3999552
