 5.E-03, 4.E-04, 2.5E-03,2.5E-03, 3.E-03, 1.E-02,5.E-03, 5.E-03, 2.E-03,3.5E-02, 4.E-03, 0,0.2618, 0, 0.349066667
	1.E-03, 2.941379829E-05, 0.360736968
	2.E-03, 5.882759658E-05, 0.710696382
	3.5E-03, 1.02948294E-04, 1.21589086
	5.75E-03, 1.691293402E-04, 1.93065004
	9.125E-03, 2.684009094E-04, 2.91057451
	1.41875E-02, 4.173082633E-04, 4.18816048
	2.178125E-02, 6.40669294E-04, 5.71930624
	3.178125E-02, 9.34807277E-04, 7.14190326
	4.178125E-02, 1.22894526E-03, 8.02239147
	5.178125E-02, 1.523083243E-03, 8.47995814
	6.178125E-02, 1.817221226E-03, 8.61029955
	7.178125E-02, 2.111359209E-03, 8.4896855
	8.178125E-02, 2.405497192E-03, 8.17880963
	9.178125E-02, 2.699635174E-03, 7.72608341
	0.10178125, 2.993773157E-03, 7.17029782
	0.11178125, 3.28791114E-03, 6.54203004
	0.12178125, 3.582049123E-03, 5.8681413
	0.13178125, 3.876187106E-03, 5.16833361
	0.14178125, 4.170325089E-03, 4.45948669
	0.15178125, 4.464463072E-03, 3.75543262
	0.16178125, 4.758601055E-03, 3.06752346
	0.17178125, 5.052739038E-03, 2.40506927
	0.18178125, 5.346877021E-03, 1.77568242
	0.19178125, 5.641015004E-03, 1.18555154
	0.20178125, 5.935152987E-03, 0.63966106
	0.21178125, 6.229290969E-03, 0.141966197
	0.22178125, 6.523428952E-03, -0.3044695
	0.23178125, 6.817566935E-03, -0.697368894
	0.24178125, 7.111704918E-03, -1.0351663
	0.25178125, 7.405842901E-03, -1.31696187
	0.26178125, 7.699980884E-03, -1.54250429
	0.27178125, 7.994118867E-03, -1.71220233
	0.28178125, 8.28825685E-03, -1.82716073
	0.29178125, 8.582394833E-03, -1.88923445
	0.30178125, 8.876532816E-03, -1.90108677
	0.31178125, 9.170670799E-03, -1.8662305
	0.32178125, 9.464808781E-03, -1.78902471
	0.33178125, 9.758946764E-03, -1.67460181
	0.34178125, 1.005308475E-02, -1.52870636
	0.35178125, 1.034722273E-02, -1.35744943
	0.36178125, 1.064136071E-02, -1.16700278
	0.37178125, 1.09354987E-02, -0.963275506
	0.38178125, 1.122963668E-02, -0.751618701
	0.39178125, 1.152377466E-02, -0.536596821
	0.40178125, 1.181791264E-02, -0.321843058
	0.41178125, 1.211205063E-02, -0.110001954
	0.42178125, 1.240618861E-02, 9.725391389E-02
	0.43178125, 1.270032659E-02, 0.299149016
	0.44178125, 1.299446458E-02, 0.495691887
	0.45178125, 1.328860256E-02, 0.687537688
	0.46178125, 1.358274054E-02, 0.875839248
	0.47178125, 1.387687853E-02, 1.06209379
	0.48178125, 1.417101651E-02, 1.24798949
	0.49178125, 1.446515449E-02, 1.43525471
	0.50178125, 1.475929247E-02, 1.62550957
	0.51178125, 1.505343046E-02, 1.82011918
	0.52178125, 1.534756844E-02, 2.02004936
	0.53178125, 1.564170642E-02, 2.2257232
	0.54178125, 1.593584441E-02, 2.4368823
	0.55178125, 1.622998239E-02, 2.65245563
	0.56178125, 1.652412037E-02, 2.87044669
	0.57178125, 1.681825835E-02, 3.08765655
	0.58178125, 1.711239634E-02, 3.30033781
	0.59178125, 1.740653432E-02, 3.50332087
	0.60178125, 1.77006723E-02, 3.69067917
	0.61178125, 1.799481029E-02, 3.85582215
	0.62178125, 1.828894827E-02, 3.99178529
	0.63178125, 1.858308625E-02, 4.09156213
	0.64178125, 1.887722423E-02, 4.14842667
	0.65178125, 1.917136222E-02, 4.15766822
	0.66178125, 1.94655002E-02, 4.11114419
	0.67178125, 1.975963818E-02, 4.0052628
	0.68178125, 2.005377617E-02, 3.83633054
	0.69178125, 2.034791415E-02, 3.59951414
	0.70178125, 2.064205213E-02, 3.29630184
	0.71178125, 2.093619012E-02, 2.92343466
	0.72178125, 2.12303281E-02, 2.48036625
	0.73178125, 2.152446608E-02, 1.96759669
	0.74178125, 2.181860406E-02, 1.38695883
	0.75178125, 2.211274205E-02, 0.742063156
	0.76178125, 2.240688003E-02, 3.892738345E-02
	0.77178125, 2.270101801E-02, -0.713263861
	0.78178125, 2.2995156E-02, -1.50128024
	0.79178125, 2.328929398E-02, -2.30618352
	0.80178125, 2.358343196E-02, -3.10689282
	0.81178125, 2.387756994E-02, -3.87459805
	0.82178125, 2.417170793E-02, -4.57682619
	0.83178125, 2.446584591E-02, -5.18122628
	0.84178125, 2.475998389E-02, -5.65561079
	0.85178125, 2.505412188E-02, -5.97050928
	0.86178125, 2.534825986E-02, -6.10013931
	0.87178125, 2.564239784E-02, -6.02228204
	0.88178125, 2.593653582E-02, -5.71727245
	0.89178125, 2.623067381E-02, -5.16648636
	0.90178125, 2.652481179E-02, -4.35067811
	0.91178125, 2.681894977E-02, -3.24837949
	0.92178125, 2.711308776E-02, -1.8344407
	0.93178125, 2.740722574E-02, -7.871214537E-02
	0.94178125, 2.770136372E-02, 2.05516547
	0.95178125, 2.799550171E-02, 4.6108866
	0.96178125, 2.828963969E-02, 7.64054577
	0.97178125, 2.858377767E-02, 11.2063687
	0.98178125, 2.887791565E-02, 15.3777915
	0.99178125, 2.917205364E-02, 20.2374025
	1, 2.941379829E-02, 24.8109294
