 5.E-03, 4.E-04, 2.5E-03,2.5E-03, 3.E-03, 1.E-02,5.E-03, 5.E-03, 2.E-03,3.5E-02, 4.E-03, 6.981333333E-02,0.2618, 6.981333333E-02, 0.349066667
	1.E-03, 2.941379829E-05, 0.523369027
	2.E-03, 5.882759658E-05, 1.03227668
	3.5E-03, 1.02948294E-04, 1.76896819
	5.75E-03, 1.691293402E-04, 2.81537807
	9.125E-03, 2.684009094E-04, 4.25782528
	1.41875E-02, 4.173082633E-04, 6.15170692
	2.178125E-02, 6.40669294E-04, 8.44169481
	3.178125E-02, 9.34807277E-04, 10.5918311
	4.178125E-02, 1.22894526E-03, 11.9441413
	5.178125E-02, 1.523083243E-03, 12.6759057
	6.178125E-02, 1.817221226E-03, 12.9333328
	7.178125E-02, 2.111359209E-03, 12.8326511
	8.178125E-02, 2.405497192E-03, 12.464421
	9.178125E-02, 2.699635174E-03, 11.8986746
	0.10178125, 2.993773157E-03, 11.1896173
	0.11178125, 3.28791114E-03, 10.3794547
	0.12178125, 3.582049123E-03, 9.50132155
	0.13178125, 3.876187106E-03, 8.58062636
	0.14178125, 4.170325089E-03, 7.6408206
	0.15178125, 4.464463072E-03, 6.69580886
	0.16178125, 4.758601055E-03, 5.76099287
	0.17178125, 5.052739038E-03, 4.8467018
	0.18178125, 5.346877021E-03, 3.96175604
	0.19178125, 5.641015004E-03, 3.11324172
	0.20178125, 5.935152987E-03, 2.30677939
	0.21178125, 6.229290969E-03, 1.54675743
	0.22178125, 6.523428952E-03, 0.836516143
	0.23178125, 6.817566935E-03, 0.17851004
	0.24178125, 7.111704918E-03, -0.425532437
	0.25178125, 7.405842901E-03, -0.974416232
	0.26178125, 7.699980884E-03, -1.47057406
	0.27178125, 7.994118867E-03, -1.9106698
	0.28178125, 8.28825685E-03, -2.26897633
	0.28928125, 8.508860337E-03, -2.50080025
	0.29303125, 8.619162081E-03, -2.67892695
	0.29678125, 8.729463824E-03, -2.7787152
	0.30053125, 8.839765568E-03, -2.86415453
	0.30615625, 9.005218183E-03, -2.97560128
	0.31178125, 9.170670799E-03, -3.06217964
	0.32021875, 9.418849722E-03, -3.14852258
	0.33021875, 9.712987705E-03, -3.18483578
	0.34021875, 1.000712569E-02, -3.14556897
	0.35021875, 1.030126367E-02, -3.03563569
	0.36021875, 1.059540165E-02, -2.85708507
	0.37021875, 1.088953964E-02, -2.61748838
	0.38021875, 1.118367762E-02, -2.32830664
	0.39021875, 1.14778156E-02, -2.00266597
	0.40021875, 1.177195358E-02, -1.65342724
	0.41021875, 1.206609157E-02, -1.28949021
	0.42021875, 1.236022955E-02, -0.918914387
	0.43021875, 1.265436753E-02, -0.546480993
	0.44021875, 1.294850552E-02, -0.174772817
	0.45021875, 1.32426435E-02, 0.195110124
	0.46021875, 1.353678148E-02, 0.563094497
	0.47021875, 1.383091947E-02, 0.929781425
	0.48021875, 1.412505745E-02, 1.2961741
	0.49021875, 1.441919543E-02, 1.66345437
	0.50021875, 1.471333341E-02, 2.03278231
	0.51021875, 1.50074714E-02, 2.40509395
	0.52021875, 1.530160938E-02, 2.78087074
	0.53021875, 1.559574736E-02, 3.159839
	0.54021875, 1.588988535E-02, 3.54052187
	0.55021875, 1.618402333E-02, 3.9194721
	0.56021875, 1.647816131E-02, 4.28912831
	0.57021875, 1.677229929E-02, 4.63446735
	0.58021875, 1.706643728E-02, 4.91976626
	0.59021875, 1.736057526E-02, 5.12230004
	0.60021875, 1.765471324E-02, 5.25788395
	0.61021875, 1.794885123E-02, 5.33482641
	0.62021875, 1.824298921E-02, 5.35387699
	0.63021875, 1.853712719E-02, 5.30979379
	0.64021875, 1.883126517E-02, 5.19834224
	0.65021875, 1.912540316E-02, 5.01501589
	0.66021875, 1.941954114E-02, 4.77445715
	0.67021875, 1.971367912E-02, 4.43202641
	0.68021875, 2.000781711E-02, 3.97235943
	0.69021875, 2.030195509E-02, 3.39900478
	0.70021875, 2.059609307E-02, 2.76796216
	0.71021875, 2.089023106E-02, 2.06515718
	0.72021875, 2.118436904E-02, 1.28055609
	0.73021875, 2.147850702E-02, 0.407303288
	0.74021875, 2.1772645E-02, -0.561183621
	0.75021875, 2.206678299E-02, -1.60908266
	0.76021875, 2.236092097E-02, -2.7950724
	0.77021875, 2.265505895E-02, -4.06022699
	0.78021875, 2.294919694E-02, -5.2584394
	0.79021875, 2.324333492E-02, -6.3777623
	0.80021875, 2.35374729E-02, -7.41357807
	0.81021875, 2.383161088E-02, -8.32315032
	0.82021875, 2.412574887E-02, -9.06372353
	0.83021875, 2.441988685E-02, -9.60416666
	0.84021875, 2.471402483E-02, -9.92424159
	0.85021875, 2.500816282E-02, -10.0146432
	0.86021875, 2.53023008E-02, -9.85924655
	0.87021875, 2.559643878E-02, -9.46228004
	0.88021875, 2.589057676E-02, -8.80132278
	0.89021875, 2.618471475E-02, -7.87535029
	0.90021875, 2.647885273E-02, -6.6654615
	0.91021875, 2.677299071E-02, -5.14883854
	0.92021875, 2.70671287E-02, -3.29742476
	0.93021875, 2.736126668E-02, -1.07555566
	0.94021875, 2.765540466E-02, 1.56053587
	0.95021875, 2.794954265E-02, 4.66348678
	0.96021875, 2.824368063E-02, 8.2954815
	0.97021875, 2.853781861E-02, 12.5295921
	0.98021875, 2.883195659E-02, 17.4456354
	0.99021875, 2.912609458E-02, 23.137463
	1, 2.941379829E-02, 29.5489621
