 5.E-03, 4.E-04, 2.5E-03,2.5E-03, 3.E-03, 1.E-02,5.E-03, 5.E-03, 2.E-03,3.5E-02, 4.E-03, 7.854E-02,0.2618, 7.854E-02, 0.349066667
	1.E-03, 2.941379829E-05, 0.547068605
	2.E-03, 5.882759658E-05, 1.07925793
	3.5E-03, 1.02948294E-04, 1.85006987
	5.75E-03, 1.691293402E-04, 2.94580452
	9.125E-03, 2.684009094E-04, 4.45791547
	1.41875E-02, 4.173082633E-04, 6.44621258
	2.178125E-02, 6.40669294E-04, 8.85461651
	3.178125E-02, 9.34807277E-04, 11.1199714
	4.178125E-02, 1.22894526E-03, 12.5469885
	5.178125E-02, 1.523083243E-03, 13.3213951
	6.178125E-02, 1.817221226E-03, 13.5977427
	7.178125E-02, 2.111359209E-03, 13.4991746
	8.178125E-02, 2.405497192E-03, 13.1214291
	9.178125E-02, 2.699635174E-03, 12.538193
	0.10178125, 2.993773157E-03, 11.8061696
	0.11178125, 3.28791114E-03, 10.9692369
	0.12178125, 3.582049123E-03, 10.0616492
	0.13178125, 3.876187106E-03, 9.10957587
	0.14178125, 4.170325089E-03, 8.13684915
	0.15178125, 4.464463072E-03, 7.1578026
	0.16178125, 4.758601055E-03, 6.1881967
	0.17178125, 5.052739038E-03, 5.23672226
	0.18178125, 5.346877021E-03, 4.31360995
	0.19178125, 5.641015004E-03, 3.42566961
	0.20178125, 5.935152987E-03, 2.56222743
	0.21178125, 6.229290969E-03, 1.74006144
	0.22178125, 6.523428952E-03, 0.956622187
	0.23178125, 6.817566935E-03, 0.239931045
	0.24178125, 7.111704918E-03, -0.41979047
	0.25178125, 7.405842901E-03, -1.0158128
	0.26178125, 7.699980884E-03, -1.55101941
	0.27178125, 7.994118867E-03, -2.00776051
	0.28178125, 8.28825685E-03, -2.39378651
	0.29178125, 8.582394833E-03, -2.71667013
	0.30178125, 8.876532816E-03, -2.98926899
	0.31178125, 9.170670799E-03, -3.18475779
	0.32178125, 9.464808781E-03, -3.44821006
	0.32678125, 9.611877773E-03, -3.42547375
	0.33178125, 9.758946764E-03, -3.41475532
	0.33928125, 9.979550252E-03, -3.40743823
	0.34928125, 1.027368823E-02, -3.32178594
	0.35928125, 1.056782622E-02, -3.14095065
	0.36928125, 1.08619642E-02, -2.87787024
	0.37928125, 1.115610218E-02, -2.56112309
	0.38928125, 1.145024017E-02, -2.20816439
	0.39928125, 1.174437815E-02, -1.83340485
	0.40928125, 1.203851613E-02, -1.44757221
	0.41928125, 1.233265411E-02, -1.05687438
	0.42928125, 1.26267921E-02, -0.665893323
	0.43928125, 1.292093008E-02, -0.276790943
	0.44928125, 1.321506806E-02, 0.109680954
	0.45928125, 1.350920605E-02, 0.493642665
	0.46928125, 1.380334403E-02, 0.875732223
	0.47928125, 1.409748201E-02, 1.25695506
	0.48928125, 1.439162E-02, 1.63842988
	0.49928125, 1.468575798E-02, 2.02121261
	0.50928125, 1.497989596E-02, 2.40609298
	0.51928125, 1.527403394E-02, 2.79334428
	0.52928125, 1.556817193E-02, 3.18236574
	0.53928125, 1.586230991E-02, 3.57109639
	0.54928125, 1.615644789E-02, 3.95492666
	0.55928125, 1.645058588E-02, 4.32469217
	0.56928125, 1.674472386E-02, 4.66401766
	0.57928125, 1.703886184E-02, 4.95123645
	0.58928125, 1.733299982E-02, 5.1719788
	0.59928125, 1.762713781E-02, 5.33807678
	0.60928125, 1.792127579E-02, 5.41758049
	0.61928125, 1.821541377E-02, 5.43771606
	0.62928125, 1.850955176E-02, 5.40116557
	0.63928125, 1.880368974E-02, 5.33941328
	0.64928125, 1.909782772E-02, 5.20525893
	0.65928125, 1.93919657E-02, 4.96299279
	0.66928125, 1.968610369E-02, 4.6475194
	0.67928125, 1.998024167E-02, 4.2715473
	0.68928125, 2.027437965E-02, 3.79862295
	0.69928125, 2.056851764E-02, 3.20376972
	0.70928125, 2.086265562E-02, 2.47962389
	0.71928125, 2.11567936E-02, 1.36838526
	0.72928125, 2.145093159E-02, 0.325938177
	0.73928125, 2.174506957E-02, -0.725925165
	0.74928125, 2.203920755E-02, -1.85388873
	0.75928125, 2.233334553E-02, -3.11827189
	0.76428125, 2.248041453E-02, -3.77209076
	0.76928125, 2.262748352E-02, -4.43108891
	0.77678125, 2.2848087E-02, -5.52125511
	0.78428125, 2.306869049E-02, -6.39855759
	0.79428125, 2.336282847E-02, -7.51773418
	0.80428125, 2.365696646E-02, -8.52152378
	0.81428125, 2.395110444E-02, -9.35593149
	0.82428125, 2.424524242E-02, -9.99449122
	0.83428125, 2.453938041E-02, -10.3999961
	0.84428125, 2.483351839E-02, -10.5815693
	0.85428125, 2.512765637E-02, -10.5146654
	0.86428125, 2.542179435E-02, -10.2108554
	0.87428125, 2.571593234E-02, -9.64599819
	0.88428125, 2.601007032E-02, -8.82388986
	0.89428125, 2.63042083E-02, -7.72702486
	0.90428125, 2.659834629E-02, -6.33659184
	0.91428125, 2.689248427E-02, -4.62741085
	0.92428125, 2.718662225E-02, -2.56719964
	0.93428125, 2.748076024E-02, -0.115850282
	0.94428125, 2.777489822E-02, 2.77532093
	0.95428125, 2.80690362E-02, 6.16428886
	0.96428125, 2.836317418E-02, 10.1188706
	0.97428125, 2.865731217E-02, 14.7174624
	0.98428125, 2.895145015E-02, 20.0459786
	0.99428125, 2.924558813E-02, 26.2033831
	1, 2.941379829E-02, 30.1350519
