 5.E-03, 4.E-04, 2.5E-03,2.5E-03, 3.E-03, 1.E-02,5.E-03, 5.E-03, 2.E-03,3.5E-02, 4.E-03, 5.236E-02,0.2618, 5.236E-02, 0.349066667
	1.E-03, 2.941379829E-05, 0.478118663
	2.E-03, 5.882759658E-05, 0.942665716
	3.5E-03, 1.02948294E-04, 1.61451008
	5.75E-03, 1.691293402E-04, 2.56752559
	9.125E-03, 2.684009094E-04, 3.87877031
	1.41875E-02, 4.173082633E-04, 5.59612094
	2.178125E-02, 6.40669294E-04, 7.66661954
	3.178125E-02, 9.34807277E-04, 9.60473014
	4.178125E-02, 1.22894526E-03, 10.8196839
	5.178125E-02, 1.523083243E-03, 11.4724416
	6.178125E-02, 1.817221226E-03, 11.6940529
	7.178125E-02, 2.111359209E-03, 11.5884693
	8.178125E-02, 2.405497192E-03, 11.2370777
	9.178125E-02, 2.699635174E-03, 10.7033669
	0.10178125, 2.993773157E-03, 10.0369883
	0.11178125, 3.28791114E-03, 9.27700665
	0.12178125, 3.582049123E-03, 8.45341689
	0.13178125, 3.876187106E-03, 7.5932045
	0.14178125, 4.170325089E-03, 6.71490245
	0.15178125, 4.464463072E-03, 5.83463939
	0.16178125, 4.758601055E-03, 4.96549575
	0.17178125, 5.052739038E-03, 4.1183202
	0.18178125, 5.346877021E-03, 3.30113207
	0.19178125, 5.641015004E-03, 2.52164662
	0.20178125, 5.935152987E-03, 1.78503417
	0.21178125, 6.229290969E-03, 1.09595057
	0.22178125, 6.523428952E-03, 0.457960056
	0.23178125, 6.817566935E-03, -0.126150435
	0.24178125, 7.111704918E-03, -0.654232114
	0.25178125, 7.405842901E-03, -1.12465081
	0.26178125, 7.699980884E-03, -1.53617477
	0.27178125, 7.994118867E-03, -1.88821709
	0.28178125, 8.28825685E-03, -2.17942934
	0.29178125, 8.582394833E-03, -2.40951168
	0.30178125, 8.876532816E-03, -2.57803945
	0.31178125, 9.170670799E-03, -2.68470007
	0.32178125, 9.464808781E-03, -2.729479
	0.33178125, 9.758946764E-03, -2.71294639
	0.34178125, 1.005308475E-02, -2.63670944
	0.35178125, 1.034722273E-02, -2.50397407
	0.36178125, 1.064136071E-02, -2.32001746
	0.37178125, 1.09354987E-02, -2.09223383
	0.38178125, 1.122963668E-02, -1.8295008
	0.39178125, 1.152377466E-02, -1.5410258
	0.40178125, 1.181791264E-02, -1.23520198
	0.41178125, 1.211205063E-02, -0.91889827
	0.42178125, 1.240618861E-02, -0.59723783
	0.43178125, 1.270032659E-02, -0.273695413
	0.44178125, 1.299446458E-02, 4.965838754E-02
	0.45178125, 1.328860256E-02, 0.371870316
	0.46178125, 1.358274054E-02, 0.692822459
	0.47178125, 1.387687853E-02, 1.01297258
	0.48178125, 1.417101651E-02, 1.3331159
	0.49178125, 1.446515449E-02, 1.65416171
	0.50178125, 1.475929247E-02, 1.97691397
	0.51178125, 1.505343046E-02, 2.30184248
	0.52178125, 1.534756844E-02, 2.62882985
	0.53178125, 1.564170642E-02, 2.95687998
	0.54178125, 1.593584441E-02, 3.28377725
	0.55178125, 1.622998239E-02, 3.60548684
	0.56178125, 1.652412037E-02, 3.91648036
	0.57178125, 1.681825835E-02, 4.20859943
	0.58178125, 1.711239634E-02, 4.47176469
	0.59178125, 1.740653432E-02, 4.69476893
	0.60178125, 1.77006723E-02, 4.86692048
	0.61178125, 1.799481029E-02, 4.97971976
	0.62178125, 1.828894827E-02, 5.02760299
	0.63178125, 1.858308625E-02, 5.00751617
	0.64178125, 1.887722423E-02, 4.92082431
	0.65178125, 1.917136222E-02, 4.76218472
	0.66178125, 1.94655002E-02, 4.53088206
	0.67178125, 1.975963818E-02, 4.22575103
	0.68178125, 2.005377617E-02, 3.84558944
	0.69178125, 2.034791415E-02, 3.38954185
	0.70178125, 2.064205213E-02, 2.85693923
	0.71178125, 2.093619012E-02, 2.24397522
	0.72178125, 2.12303281E-02, 1.54861305
	0.73178125, 2.152446608E-02, 0.769406018
	0.74178125, 2.181860406E-02, -9.359861042E-02
	0.75178125, 2.211274205E-02, -1.02807594
	0.76178125, 2.240688003E-02, -2.04878844
	0.77178125, 2.270101801E-02, -3.11242376
	0.78178125, 2.2995156E-02, -4.19311366
	0.79178125, 2.328929398E-02, -5.23290937
	0.80178125, 2.358343196E-02, -6.2211092
	0.81178125, 2.387756994E-02, -7.105215
	0.82178125, 2.417170793E-02, -7.84684628
	0.83178125, 2.446584591E-02, -8.41261565
	0.84178125, 2.475998389E-02, -8.77691078
	0.85178125, 2.505412188E-02, -8.92141718
	0.86178125, 2.534825986E-02, -8.83297415
	0.87178125, 2.564239784E-02, -8.50240728
	0.88178125, 2.593653582E-02, -7.91443998
	0.89178125, 2.623067381E-02, -7.05873798
	0.90178125, 2.652481179E-02, -5.91767976
	0.91178125, 2.681894977E-02, -4.47076664
	0.92178125, 2.711308776E-02, -2.68943183
	0.93178125, 2.740722574E-02, -0.538965441
	0.94178125, 2.770136372E-02, 2.02316359
	0.95178125, 2.799550171E-02, 5.04815913
	0.96178125, 2.828963969E-02, 8.59664227
	0.97178125, 2.858377767E-02, 12.7400794
	0.98178125, 2.887791565E-02, 17.5568288
	0.99178125, 2.917205364E-02, 23.1391852
	1, 2.941379829E-02, 28.3684367
