 5.E-03, 4.E-04, 2.5E-03,2.5E-03, 3.E-03, 1.E-02,5.E-03, 5.E-03, 2.E-03,3.5E-02, 4.E-03, 1.745333333E-02,0.2618, 1.745333333E-02, 0.349066667
	1.E-03, 2.941379829E-05, 0.396767187
	2.E-03, 5.882759658E-05, 0.781833651
	3.5E-03, 1.02948294E-04, 1.33797165
	5.75E-03, 1.691293402E-04, 2.125334
	9.125E-03, 2.684009094E-04, 3.20578812
	1.41875E-02, 4.173082633E-04, 4.61613172
	2.178125E-02, 6.40669294E-04, 6.30911902
	3.178125E-02, 9.34807277E-04, 7.88592261
	4.178125E-02, 1.22894526E-03, 8.86660786
	5.178125E-02, 1.523083243E-03, 9.38298617
	6.178125E-02, 1.817221226E-03, 9.54107305
	7.178125E-02, 2.111359209E-03, 9.42512227
	8.178125E-02, 2.405497192E-03, 9.10180967
	9.178125E-02, 2.699635174E-03, 8.62395414
	0.10178125, 2.993773157E-03, 8.03357347
	0.11178125, 3.28791114E-03, 7.36344068
	0.12178125, 3.582049123E-03, 6.64255723
	0.13178125, 3.876187106E-03, 5.89169153
	0.14178125, 4.170325089E-03, 5.12870881
	0.15178125, 4.464463072E-03, 4.3681937
	0.16178125, 4.758601055E-03, 3.62208457
	0.17178125, 5.052739038E-03, 2.90015585
	0.18178125, 5.346877021E-03, 2.21039622
	0.19178125, 5.641015004E-03, 1.55930923
	0.20178125, 5.935152987E-03, 0.952154741
	0.21178125, 6.229290969E-03, 0.393143381
	0.22178125, 6.523428952E-03, -0.114406208
	0.23178125, 6.817566935E-03, -0.567941818
	0.24178125, 7.111704918E-03, -0.965580373
	0.25178125, 7.405842901E-03, -1.30603745
	0.26178125, 7.699980884E-03, -1.58858506
	0.27178125, 7.994118867E-03, -1.81303878
	0.28178125, 8.28825685E-03, -1.97977771
	0.29178125, 8.582394833E-03, -2.08979677
	0.30178125, 8.876532816E-03, -2.1447895
	0.31178125, 9.170670799E-03, -2.14724647
	0.32178125, 9.464808781E-03, -2.10054703
	0.33178125, 9.758946764E-03, -2.00900366
	0.34178125, 1.005308475E-02, -1.87781889
	0.35178125, 1.034722273E-02, -1.71292237
	0.36178125, 1.064136071E-02, -1.52068503
	0.37178125, 1.09354987E-02, -1.30755022
	0.38178125, 1.122963668E-02, -1.07964365
	0.39178125, 1.152377466E-02, -0.842433847
	0.40178125, 1.181791264E-02, -0.600489213
	0.41178125, 1.211205063E-02, -0.357350204
	0.42178125, 1.240618861E-02, -0.11550686
	0.43178125, 1.270032659E-02, 0.123541687
	0.44178125, 1.299446458E-02, 0.359172526
	0.45178125, 1.328860256E-02, 0.591491259
	0.46178125, 1.358274054E-02, 0.821168811
	0.47178125, 1.387687853E-02, 1.04927234
	0.48178125, 1.417101651E-02, 1.27709597
	0.49178125, 1.446515449E-02, 1.50599376
	0.50178125, 1.475929247E-02, 1.73721392
	0.51178125, 1.505343046E-02, 1.97173363
	0.52178125, 1.534756844E-02, 2.21009309
	0.53178125, 1.564170642E-02, 2.45222873
	0.54178125, 1.593584441E-02, 2.69730837
	0.55178125, 1.622998239E-02, 2.94357744
	0.56178125, 1.652412037E-02, 3.18805991
	0.57178125, 1.681825835E-02, 3.42705588
	0.58178125, 1.711239634E-02, 3.6553801
	0.59178125, 1.740653432E-02, 3.86691327
	0.60178125, 1.77006723E-02, 4.0547377
	0.61178125, 1.799481029E-02, 4.21148995
	0.62178125, 1.828894827E-02, 4.32978097
	0.63178125, 1.858308625E-02, 4.40260537
	0.64178125, 1.887722423E-02, 4.42365784
	0.65178125, 1.917136222E-02, 4.3892124
	0.66178125, 1.94655002E-02, 4.29162845
	0.67178125, 1.975963818E-02, 4.12838135
	0.68178125, 2.005377617E-02, 3.89670632
	0.69178125, 2.034791415E-02, 3.59263515
	0.70178125, 2.064205213E-02, 3.21817644
	0.71178125, 2.093619012E-02, 2.7703554
	0.72178125, 2.12303281E-02, 2.24882785
	0.73178125, 2.152446608E-02, 1.65423475
	0.74178125, 2.181860406E-02, 0.988596121
	0.75178125, 2.211274205E-02, 0.256011655
	0.76178125, 2.240688003E-02, -0.536510191
	0.77178125, 2.270101801E-02, -1.37507597
	0.78178125, 2.2995156E-02, -2.25189787
	0.79178125, 2.328929398E-02, -3.13741317
	0.80178125, 2.358343196E-02, -4.00643211
	0.81178125, 2.387756994E-02, -4.81935075
	0.82178125, 2.417170793E-02, -5.54976741
	0.83178125, 2.446584591E-02, -6.15924998
	0.84178125, 2.475998389E-02, -6.61568449
	0.85178125, 2.505412188E-02, -6.89148723
	0.86178125, 2.534825986E-02, -6.96388192
	0.87178125, 2.564239784E-02, -6.81396292
	0.88178125, 2.593653582E-02, -6.42494703
	0.89178125, 2.623067381E-02, -5.78034548
	0.90178125, 2.652481179E-02, -4.86213143
	0.91178125, 2.681894977E-02, -3.64928126
	0.92178125, 2.711308776E-02, -2.11579517
	0.93178125, 2.740722574E-02, -0.229986661
	0.94178125, 2.770136372E-02, 2.04427792
	0.95178125, 2.799550171E-02, 4.75512548
	0.96178125, 2.828963969E-02, 7.95664285
	0.97178125, 2.858377767E-02, 11.7141094
	0.98178125, 2.887791565E-02, 16.0998445
	0.99178125, 2.917205364E-02, 21.199596
	1, 2.941379829E-02, 25.9917664
