 5.E-03, 4.E-04, 2.5E-03,2.5E-03, 3.E-03, 1.E-02,5.E-03, 5.E-03, 2.E-03,3.5E-02, 4.E-03, 4.363333333E-02,0.2618, 4.363333333E-02, 0.349066667
	1.E-03, 2.941379829E-05, 0.456619011
	2.E-03, 5.882759658E-05, 0.900128898
	3.5E-03, 1.02948294E-04, 1.54129149
	5.75E-03, 1.691293402E-04, 2.45026602
	9.125E-03, 2.684009094E-04, 3.69993145
	1.41875E-02, 4.173082633E-04, 5.33494491
	2.178125E-02, 6.40669294E-04, 7.30379998
	3.178125E-02, 9.34807277E-04, 9.14426295
	4.178125E-02, 1.22894526E-03, 10.295953
	5.178125E-02, 1.523083243E-03, 10.9120698
	6.178125E-02, 1.817221226E-03, 11.1167884
	7.178125E-02, 2.111359209E-03, 11.0085906
	8.178125E-02, 2.405497192E-03, 10.6647812
	9.178125E-02, 2.699635174E-03, 10.1459101
	0.10178125, 2.993773157E-03, 9.49955199
	0.11178125, 3.28791114E-03, 8.76331122
	0.12178125, 3.582049123E-03, 7.96625962
	0.13178125, 3.876187106E-03, 7.13440189
	0.14178125, 4.170325089E-03, 6.28590653
	0.15178125, 4.464463072E-03, 5.43651828
	0.16178125, 4.758601055E-03, 4.5990382
	0.17178125, 5.052739038E-03, 3.78410777
	0.18178125, 5.346877021E-03, 2.99959768
	0.19178125, 5.641015004E-03, 2.25318651
	0.20178125, 5.935152987E-03, 1.54990443
	0.21178125, 6.229290969E-03, 0.894396493
	0.22178125, 6.523428952E-03, 0.290210427
	0.23178125, 6.817566935E-03, -0.259870582
	0.24178125, 7.111704918E-03, -0.753699239
	0.25178125, 7.405842901E-03, -1.19006348
	0.26178125, 7.699980884E-03, -1.56702378
	0.27178125, 7.994118867E-03, -1.88407664
	0.28178125, 8.28825685E-03, -2.14074548
	0.29178125, 8.582394833E-03, -2.33680646
	0.30178125, 8.876532816E-03, -2.47235891
	0.31178125, 9.170670799E-03, -2.54790708
	0.32178125, 9.464808781E-03, -2.56452655
	0.33178125, 9.758946764E-03, -2.52411979
	0.34178125, 1.005308475E-02, -2.42972849
	0.35178125, 1.034722273E-02, -2.28581024
	0.36178125, 1.064136071E-02, -2.09832082
	0.37178125, 1.09354987E-02, -1.87446041
	0.38178125, 1.122963668E-02, -1.62207339
	0.39178125, 1.152377466E-02, -1.34887972
	0.40178125, 1.181791264E-02, -1.06179076
	0.41178125, 1.211205063E-02, -0.766475939
	0.42178125, 1.240618861E-02, -0.46720394
	0.43178125, 1.270032659E-02, -0.166887674
	0.44178125, 1.299446458E-02, 0.132752014
	0.45178125, 1.328860256E-02, 0.43097064
	0.46178125, 1.358274054E-02, 0.727770322
	0.47178125, 1.387687853E-02, 1.02367455
	0.48178125, 1.417101651E-02, 1.31951226
	0.49178125, 1.446515449E-02, 1.61621005
	0.50178125, 1.475929247E-02, 1.9145858
	0.51178125, 1.505343046E-02, 2.21513758
	0.52178125, 1.534756844E-02, 2.51781916
	0.53178125, 1.564170642E-02, 2.82179618
	0.54178125, 1.593584441E-02, 3.12518305
	0.55178125, 1.622998239E-02, 3.42477583
	0.56178125, 1.652412037E-02, 3.71552128
	0.57178125, 1.681825835E-02, 3.99141028
	0.58178125, 1.711239634E-02, 4.24426951
	0.59178125, 1.740653432E-02, 4.4650322
	0.60178125, 1.77006723E-02, 4.6444066
	0.61178125, 1.799481029E-02, 4.77387356
	0.62178125, 1.828894827E-02, 4.84644552
	0.63178125, 1.858308625E-02, 4.85691615
	0.64178125, 1.887722423E-02, 4.80411907
	0.65178125, 1.917136222E-02, 4.67798267
	0.66178125, 1.94655002E-02, 4.48513584
	0.67178125, 1.975963818E-02, 4.21881861
	0.68178125, 2.005377617E-02, 3.87831893
	0.69178125, 2.034791415E-02, 3.46508805
	0.70178125, 2.064205213E-02, 2.97125273
	0.71178125, 2.093619012E-02, 2.40071893
	0.72178125, 2.12303281E-02, 1.75051267
	0.73178125, 2.152446608E-02, 1.02026666
	0.74178125, 2.181860406E-02, 0.211244456
	0.75178125, 2.211274205E-02, -0.666384561
	0.76178125, 2.240688003E-02, -1.62075892
	0.77178125, 2.270101801E-02, -2.61860207
	0.78178125, 2.2995156E-02, -3.64091317
	0.79178125, 2.328929398E-02, -4.65516366
	0.80178125, 2.358343196E-02, -5.60811645
	0.81178125, 2.387756994E-02, -6.48188737
	0.82178125, 2.417170793E-02, -7.22862367
	0.83178125, 2.446584591E-02, -7.81380291
	0.84178125, 2.475998389E-02, -8.20928027
	0.85178125, 2.505412188E-02, -8.39378885
	0.86178125, 2.534825986E-02, -8.3513993
	0.87178125, 2.564239784E-02, -8.06919638
	0.88178125, 2.593653582E-02, -7.53618292
	0.89178125, 2.623067381E-02, -6.73532574
	0.90178125, 2.652481179E-02, -5.65154733
	0.91178125, 2.681894977E-02, -4.26422089
	0.92178125, 2.711308776E-02, -2.54555883
	0.93178125, 2.740722574E-02, -0.461821086
	0.94178125, 2.770136372E-02, 2.02832871
	0.95178125, 2.799550171E-02, 4.97471876
	0.96178125, 2.828963969E-02, 8.4364614
	0.97178125, 2.858377767E-02, 12.4834776
	0.98178125, 2.887791565E-02, 17.1925764
	0.99178125, 2.917205364E-02, 22.6539988
	1, 2.941379829E-02, 27.7759408
