 5.E-03, 4.E-04, 2.5E-03,2.5E-03, 3.E-03, 1.E-02,5.E-03, 5.E-03, 2.E-03,3.5E-02, 4.E-03, 6.108666667E-02,0.2618, 6.108666667E-02, 0.349066667
	1.E-03, 2.941379829E-05, 0.500375806
	2.E-03, 5.882759658E-05, 0.98672772
	3.5E-03, 1.02948294E-04, 1.69042049
	5.75E-03, 1.691293402E-04, 2.68924987
	9.125E-03, 2.684009094E-04, 4.06474523
	1.41875E-02, 4.173082633E-04, 5.86834595
	2.178125E-02, 6.40669294E-04, 8.04579544
	3.178125E-02, 9.34807277E-04, 10.0869983
	4.178125E-02, 1.22894526E-03, 11.3687308
	5.178125E-02, 1.523083243E-03, 12.0599955
	6.178125E-02, 1.817221226E-03, 12.2991765
	7.178125E-02, 2.111359209E-03, 12.1961241
	8.178125E-02, 2.405497192E-03, 11.8366307
	9.178125E-02, 2.699635174E-03, 11.2873375
	0.10178125, 2.993773157E-03, 10.6001029
	0.11178125, 3.28791114E-03, 9.8155244
	0.12178125, 3.582049123E-03, 8.96455051
	0.13178125, 3.876187106E-03, 8.07592983
	0.14178125, 4.170325089E-03, 7.16626989
	0.15178125, 4.464463072E-03, 6.25441833
	0.16178125, 4.758601055E-03, 5.35290118
	0.17178125, 5.052739038E-03, 4.47253873
	0.18178125, 5.346877021E-03, 3.62228732
	0.19178125, 5.641015004E-03, 2.80872526
	0.20178125, 5.935152987E-03, 2.03802634
	0.21178125, 6.229290969E-03, 1.31437676
	0.22178125, 6.523428952E-03, 0.641386733
	0.23178125, 6.817566935E-03, 2.174391436E-02
	0.24178125, 7.111704918E-03, -0.542541859
	0.25178125, 7.405842901E-03, -1.05000691
	0.26178125, 7.699980884E-03, -1.49958664
	0.27178125, 7.994118867E-03, -1.89043696
	0.28178125, 8.28825685E-03, -2.22142971
	0.29178125, 8.582394833E-03, -2.49168248
	0.30178125, 8.876532816E-03, -2.69962054
	0.31178125, 9.170670799E-03, -2.84259713
	0.32178125, 9.464808781E-03, -2.91894702
	0.33178125, 9.758946764E-03, -2.92795646
	0.34178125, 1.005308475E-02, -2.87016128
	0.35178125, 1.034722273E-02, -2.74919479
	0.36178125, 1.064136071E-02, -2.56688472
	0.37178125, 1.09354987E-02, -2.3318145
	0.38178125, 1.122963668E-02, -2.05459371
	0.39178125, 1.152377466E-02, -1.74664244
	0.40178125, 1.181791264E-02, -1.41840134
	0.41178125, 1.211205063E-02, -1.07817427
	0.42178125, 1.240618861E-02, -0.731953707
	0.43178125, 1.270032659E-02, -0.383690539
	0.44178125, 1.299446458E-02, -3.567837198E-02
	0.45178125, 1.328860256E-02, 0.311056969
	0.46178125, 1.358274054E-02, 0.656408749
	0.47178125, 1.387687853E-02, 1.00089099
	0.48178125, 1.417101651E-02, 1.34538165
	0.49178125, 1.446515449E-02, 1.69089261
	0.50178125, 1.475929247E-02, 2.0383471
	0.51178125, 1.505343046E-02, 2.38834465
	0.52178125, 1.534756844E-02, 2.74088664
	0.53178125, 1.564170642E-02, 3.09503013
	0.54178125, 1.593584441E-02, 3.44842672
	0.55178125, 1.622998239E-02, 3.79671277
	0.56178125, 1.652412037E-02, 4.13230034
	0.57178125, 1.681825835E-02, 4.44529609
	0.58178125, 1.711239634E-02, 4.7217062
	0.59178125, 1.740653432E-02, 4.94657894
	0.60178125, 1.77006723E-02, 5.10756624
	0.61178125, 1.799481029E-02, 5.19785305
	0.62178125, 1.828894827E-02, 5.21567716
	0.63178125, 1.858308625E-02, 5.16604108
	0.64178125, 1.887722423E-02, 5.04385042
	0.65178125, 1.917136222E-02, 4.84723586
	0.66178125, 1.94655002E-02, 4.57528717
	0.67178125, 1.975963818E-02, 4.22801703
	0.68178125, 2.005377617E-02, 3.80837189
	0.69178125, 2.034791415E-02, 3.31312091
	0.70178125, 2.064205213E-02, 2.7394516
	0.71178125, 2.093619012E-02, 2.08295421
	0.72178125, 2.12303281E-02, 1.34104861
	0.73178125, 2.152446608E-02, 0.511009066
	0.74178125, 2.181860406E-02, -0.410294737
	0.75178125, 2.211274205E-02, -1.40692274
	0.76178125, 2.240688003E-02, -2.50983583
	0.77178125, 2.270101801E-02, -3.64768818
	0.78178125, 2.2995156E-02, -4.77809036
	0.79178125, 2.328929398E-02, -5.87524911
	0.80178125, 2.358343196E-02, -6.87449053
	0.81178125, 2.387756994E-02, -7.76253217
	0.82178125, 2.417170793E-02, -8.49230537
	0.83178125, 2.446584591E-02, -9.03208738
	0.84178125, 2.475998389E-02, -9.35934325
	0.85178125, 2.505412188E-02, -9.45914467
	0.86178125, 2.534825986E-02, -9.32320653
	0.87178125, 2.564239784E-02, -8.93721395
	0.88178125, 2.593653582E-02, -8.29477905
	0.89178125, 2.623067381E-02, -7.38206766
	0.90178125, 2.652481179E-02, -6.18416208
	0.91178125, 2.681894977E-02, -4.67707688
	0.92178125, 2.711308776E-02, -2.83295048
	0.93178125, 2.740722574E-02, -0.615828707
	0.94178125, 2.770136372E-02, 2.01809427
	0.95178125, 2.799550171E-02, 5.12144365
	0.96178125, 2.828963969E-02, 8.7563792
	0.97178125, 2.858377767E-02, 12.9959099
	0.98178125, 2.887791565E-02, 17.9199712
	0.99178125, 2.917205364E-02, 23.6223847
	1, 2.941379829E-02, 28.9602803
