 5.E-03, 4.E-04, 2.5E-03,2.5E-03, 3.E-03, 1.E-02,5.E-03, 5.E-03, 2.E-03,3.5E-02, 4.E-03, 3.490666667E-02,0.2618, 3.490666667E-02, 0.349066667
	1.E-03, 2.941379829E-05, 0.435890343
	2.E-03, 5.882759658E-05, 0.859140025
	3.5E-03, 1.02948294E-04, 1.47079396
	5.75E-03, 1.691293402E-04, 2.33749303
	9.125E-03, 2.684009094E-04, 3.528206
	1.41875E-02, 4.173082633E-04, 5.08466741
	2.178125E-02, 6.40669294E-04, 6.95691838
	3.178125E-02, 9.34807277E-04, 8.70482255
	4.178125E-02, 1.22894526E-03, 9.7965186
	5.178125E-02, 1.523083243E-03, 10.3777526
	6.178125E-02, 1.817221226E-03, 10.5662541
	7.178125E-02, 2.111359209E-03, 10.4554232
	8.178125E-02, 2.405497192E-03, 10.1187706
	9.178125E-02, 2.699635174E-03, 9.61410052
	0.10178125, 2.993773157E-03, 8.98702902
	0.11178125, 3.28791114E-03, 8.27376952
	0.12178125, 3.582049123E-03, 7.50249689
	0.13178125, 3.876187106E-03, 6.69828002
	0.14178125, 4.170325089E-03, 5.87890675
	0.15178125, 4.464463072E-03, 5.05973675
	0.16178125, 4.758601055E-03, 4.25328684
	0.17178125, 5.052739038E-03, 3.46977386
	0.18178125, 5.346877021E-03, 2.71775029
	0.19178125, 5.641015004E-03, 2.00335229
	0.20178125, 5.935152987E-03, 1.3329429
	0.21178125, 6.229290969E-03, 0.709965726
	0.22178125, 6.523428952E-03, 0.139011837
	0.23178125, 6.817566935E-03, -0.378445744
	0.24178125, 7.111704918E-03, -0.83932678
	0.25178125, 7.405842901E-03, -1.24236371
	0.26178125, 7.699980884E-03, -1.58651677
	0.27178125, 7.994118867E-03, -1.87112266
	0.28178125, 8.28825685E-03, -2.09592276
	0.29178125, 8.582394833E-03, -2.26107324
	0.30178125, 8.876532816E-03, -2.36720475
	0.31178125, 9.170670799E-03, -2.41553665
	0.32178125, 9.464808781E-03, -2.40804342
	0.33178125, 9.758946764E-03, -2.34764999
	0.34178125, 1.005308475E-02, -2.23840324
	0.35178125, 1.034722273E-02, -2.08553355
	0.36178125, 1.064136071E-02, -1.89532177
	0.37178125, 1.09354987E-02, -1.67474011
	0.38178125, 1.122963668E-02, -1.43092764
	0.39178125, 1.152377466E-02, -1.17063306
	0.40178125, 1.181791264E-02, -0.899760321
	0.41178125, 1.211205063E-02, -0.623090384
	0.42178125, 1.240618861E-02, -0.34418429
	0.43178125, 1.270032659E-02, -6.542581363E-02
	0.44178125, 1.299446458E-02, 0.211846412
	0.45178125, 1.328860256E-02, 0.487161041
	0.46178125, 1.358274054E-02, 0.760717512
	0.47178125, 1.387687853E-02, 1.0331862
	0.48178125, 1.417101651E-02, 1.30551296
	0.49178125, 1.446515449E-02, 1.57872656
	0.50178125, 1.475929247E-02, 1.85374836
	0.51178125, 1.505343046E-02, 2.13119886
	0.52178125, 1.534756844E-02, 2.41119771
	0.53178125, 1.564170642E-02, 2.69315534
	0.54178125, 1.593584441E-02, 2.97555735
	0.55178125, 1.622998239E-02, 3.2557575
	0.56178125, 1.652412037E-02, 3.52956239
	0.57178125, 1.681825835E-02, 3.79197102
	0.58178125, 1.711239634E-02, 4.03614437
	0.59178125, 1.740653432E-02, 4.25433108
	0.60178125, 1.77006723E-02, 4.43823205
	0.61178125, 1.799481029E-02, 4.57966004
	0.62178125, 1.828894827E-02, 4.67116971
	0.63178125, 1.858308625E-02, 4.70647797
	0.64178125, 1.887722423E-02, 4.68265914
	0.65178125, 1.917136222E-02, 4.58959904
	0.66178125, 1.94655002E-02, 4.43206123
	0.67178125, 1.975963818E-02, 4.20260196
	0.68178125, 2.005377617E-02, 3.89909591
	0.69178125, 2.034791415E-02, 3.52471759
	0.70178125, 2.064205213E-02, 3.07121449
	0.71178125, 2.093619012E-02, 2.54265332
	0.72178125, 2.12303281E-02, 1.93664637
	0.73178125, 2.152446608E-02, 1.25343243
	0.74178125, 2.181860406E-02, 0.494808168
	0.75178125, 2.211274205E-02, -0.334954086
	0.76178125, 2.240688003E-02, -1.22299601
	0.77178125, 2.270101801E-02, -2.16841688
	0.78178125, 2.2995156E-02, -3.13837026
	0.79178125, 2.328929398E-02, -4.10903879
	0.80178125, 2.358343196E-02, -5.03539591
	0.81178125, 2.387756994E-02, -5.89342328
	0.82178125, 2.417170793E-02, -6.63933679
	0.83178125, 2.446584591E-02, -7.23782821
	0.84178125, 2.475998389E-02, -7.65880973
	0.85178125, 2.505412188E-02, -7.87844652
	0.86178125, 2.534825986E-02, -7.87827319
	0.87178125, 2.564239784E-02, -7.64331446
	0.88178125, 2.593653582E-02, -7.15982401
	0.89178125, 2.623067381E-02, -6.41412042
	0.90178125, 2.652481179E-02, -5.38638144
	0.91178125, 2.681894977E-02, -4.05793143
	0.92178125, 2.711308776E-02, -2.40173953
	0.93178125, 2.740722574E-02, -0.384599608
	0.94178125, 2.770136372E-02, 2.0335776
	0.95178125, 2.799550171E-02, 4.9012925
	0.96178125, 2.828963969E-02, 8.27618065
	0.97178125, 2.858377767E-02, 12.2266175
	0.98178125, 2.887791565E-02, 16.8278888
	0.99178125, 2.917205364E-02, 22.168774
	1, 2.941379829E-02, 27.1811723
