 5.E-03, 4.E-04, 2.5E-03,2.5E-03, 3.E-03, 1.E-02,5.E-03, 5.E-03, 2.E-03,3.5E-02, 4.E-03, 5.236E-02,0.191986667, 5.236E-02, 0.349066667
	1.E-03, 4.666432747E-06, 0.110881099
	2.E-03, 9.332865494E-06, 0.221105678
	3.5E-03, 1.633251461E-05, 0.385215329
	5.75E-03, 2.683198829E-05, 0.628629578
	9.125E-03, 4.258119882E-05, 0.987599108
	1.41875E-02, 6.62050146E-05, 1.51233597
	2.178125E-02, 1.016407383E-04, 2.26899508
	3.178125E-02, 1.483050657E-04, 3.21076713
	4.178125E-02, 1.949693932E-04, 4.09191533
	5.178125E-02, 2.416337207E-04, 4.91406616
	6.178125E-02, 2.882980481E-04, 5.67883948
	7.178125E-02, 3.349623756E-04, 6.38784847
	8.178125E-02, 3.816267031E-04, 7.0426957
	9.178125E-02, 4.282910305E-04, 7.64497111
	0.10178125, 4.74955358E-04, 8.19624843
	0.11178125, 5.216196855E-04, 8.69808318
	0.12178125, 5.68284013E-04, 9.1520095
	0.13178125, 6.149483404E-04, 9.55953787
	0.14178125, 6.616126679E-04, 9.92215222
	0.15178125, 7.082769954E-04, 10.2413079
	0.16178125, 7.549413228E-04, 10.5184291
	0.17178125, 8.016056503E-04, 10.7549069
	0.18178125, 8.482699778E-04, 10.9520979
	0.19178125, 8.949343052E-04, 11.1113217
	0.20178125, 9.415986327E-04, 11.2338603
	0.21178125, 9.882629602E-04, 11.3209567
	0.22178125, 1.034927288E-03, 11.3738141
	0.23178125, 1.081591615E-03, 11.3935952
	0.24178125, 1.128255943E-03, 11.3814221
	0.25178125, 1.17492027E-03, 11.3383757
	0.26178125, 1.221584598E-03, 11.2654965
	0.27178125, 1.268248925E-03, 11.1637844
	0.28178125, 1.314913252E-03, 11.0341996
	0.29178125, 1.36157758E-03, 10.877663
	0.30178125, 1.408241907E-03, 10.6950578
	0.31178125, 1.454906235E-03, 10.4872301
	0.32178125, 1.501570562E-03, 10.2549904
	0.33178125, 1.54823489E-03, 9.9991155
	0.34178125, 1.594899217E-03, 9.7203496
	0.35178125, 1.641563545E-03, 9.41940682
	0.36178125, 1.688227872E-03, 9.09697313
	0.37178125, 1.7348922E-03, 8.75370881
	0.38178125, 1.781556527E-03, 8.39025108
	0.39178125, 1.828220855E-03, 8.00721735
	0.40178125, 1.874885182E-03, 7.60520844
	0.41178125, 1.92154951E-03, 7.18481267
	0.42178125, 1.968213837E-03, 6.74661039
	0.43178125, 2.014878164E-03, 6.29117921
	0.44178125, 2.061542492E-03, 5.81910017
	0.45178125, 2.108206819E-03, 5.33096505
	0.46178125, 2.154871147E-03, 4.82738504
	0.47178125, 2.201535474E-03, 4.30900111
	0.48178125, 2.248199802E-03, 3.77649597
	0.49178125, 2.294864129E-03, 3.23060937
	0.50178125, 2.341528457E-03, 2.67215543
	0.51178125, 2.388192784E-03, 2.10204374
	0.52178125, 2.434857112E-03, 1.52130449
	0.53178125, 2.481521439E-03, 0.931117336
	0.54178125, 2.528185767E-03, 0.332844956
	0.55178125, 2.574850094E-03, -0.271929307
	0.56178125, 2.621514422E-03, -0.881360591
	0.57178125, 2.668178749E-03, -1.49330118
	0.58178125, 2.714843077E-03, -2.10526062
	0.59178125, 2.761507404E-03, -2.71437367
	0.60178125, 2.808171731E-03, -3.31738238
	0.61178125, 2.854836059E-03, -3.91063922
	0.62178125, 2.901500386E-03, -4.49013891
	0.63178125, 2.948164714E-03, -5.05158432
	0.64178125, 2.994829041E-03, -5.59048413
	0.65178125, 3.041493369E-03, -6.10227811
	0.66178125, 3.088157696E-03, -6.58247526
	0.67178125, 3.134822024E-03, -7.02679041
	0.68178125, 3.181486351E-03, -7.431263
	0.69178125, 3.228150679E-03, -7.7923468
	0.70178125, 3.274815006E-03, -8.10696303
	0.71178125, 3.321479334E-03, -8.37251807
	0.72178125, 3.368143661E-03, -8.58688622
	0.73178125, 3.414807989E-03, -8.74836715
	0.74178125, 3.461472316E-03, -8.85562425
	0.75178125, 3.508136643E-03, -8.90761461
	0.76178125, 3.554800971E-03, -8.90351751
	0.77178125, 3.601465298E-03, -8.84266898
	0.78178125, 3.648129626E-03, -8.72450452
	0.79178125, 3.694793953E-03, -8.54851324
	0.80178125, 3.741458281E-03, -8.31420226
	0.81178125, 3.788122608E-03, -8.02107088
	0.82178125, 3.834786936E-03, -7.66859252
	0.83178125, 3.881451263E-03, -7.256203
	0.84178125, 3.928115591E-03, -6.78329382
	0.85178125, 3.974779918E-03, -6.24920882
	0.86178125, 4.021444246E-03, -5.65324289
	0.87178125, 4.068108573E-03, -4.99464344
	0.88178125, 4.114772901E-03, -4.27261149
	0.89178125, 4.161437228E-03, -3.48630399
	0.90178125, 4.208101556E-03, -2.63483737
	0.91178125, 4.254765883E-03, -1.71728905
	0.92178125, 4.30143021E-03, -0.732701491
	0.93178125, 4.348094538E-03, 0.319915877
	0.94178125, 4.394758865E-03, 1.44158416
	0.95178125, 4.441423193E-03, 2.63335213
	0.96178125, 4.48808752E-03, 3.89629503
	0.97178125, 4.534751848E-03, 5.23151189
	0.98178125, 4.581416175E-03, 6.64012435
	0.99178125, 4.628080503E-03, 8.12327443
	1, 4.666432747E-03, 9.39885986
