 5.E-03, 4.E-04, 2.5E-03,2.5E-03, 3.E-03, 1.E-02,5.E-03, 5.E-03, 2.E-03,3.5E-02, 4.E-03, 5.236E-02,0.279253333, 5.236E-02, 0.349066667
	1.E-03, 6.447832244E-06, 0.226654714
	2.E-03, 1.289566449E-05, 0.451584415
	3.5E-03, 2.256741285E-05, 0.785760804
	5.75E-03, 3.70750354E-05, 1.27983412
	9.125E-03, 5.883646922E-05, 2.00493099
	1.41875E-02, 9.147861995E-05, 3.05711488
	2.178125E-02, 1.404418461E-04, 4.55753239
	3.178125E-02, 2.049201685E-04, 6.39588826
	4.178125E-02, 2.693984909E-04, 8.08493712
	5.178125E-02, 3.338768134E-04, 9.63222008
	6.178125E-02, 3.983551358E-04, 11.0451593
	7.178125E-02, 4.628334582E-04, 12.3310252
	8.178125E-02, 5.273117807E-04, 13.4968765
	9.178125E-02, 5.917901031E-04, 14.5495184
	0.10178125, 6.562684255E-04, 15.4954712
	0.11178125, 7.20746748E-04, 16.3409464
	0.12178125, 7.852250704E-04, 17.0918307
	0.13178125, 8.497033928E-04, 17.7536784
	0.14178125, 9.141817153E-04, 18.3317096
	0.15178125, 9.786600377E-04, 18.8308137
	0.16178125, 1.04313836E-03, 19.2555573
	0.17178125, 1.107616683E-03, 19.6101949
	0.18178125, 1.172095005E-03, 19.8986827
	0.19178125, 1.236573327E-03, 20.124693
	0.20178125, 1.30105165E-03, 20.2916302
	0.21178125, 1.365529972E-03, 20.4026472
	0.22178125, 1.430008295E-03, 20.4606613
	0.23178125, 1.494486617E-03, 20.4683704
	0.24178125, 1.55896494E-03, 20.4282677
	0.25178125, 1.623443262E-03, 20.3428877
	0.26178125, 1.687921584E-03, 20.213561
	0.27178125, 1.752399907E-03, 20.0432158
	0.28178125, 1.816878229E-03, 19.8332163
	0.29178125, 1.881356552E-03, 19.5849191
	0.30178125, 1.945834874E-03, 19.3006836
	0.31178125, 2.010313197E-03, 18.9809404
	0.32178125, 2.074791519E-03, 18.6274001
	0.33178125, 2.139269842E-03, 18.2419725
	0.34178125, 2.203748164E-03, 17.8238296
	0.35178125, 2.268226486E-03, 17.3754536
	0.36178125, 2.332704809E-03, 16.8983812
	0.37178125, 2.397183131E-03, 16.3932621
	0.38178125, 2.461661454E-03, 15.8542264
	0.39178125, 2.526139776E-03, 15.2883324
	0.40178125, 2.590618099E-03, 14.6968278
	0.41178125, 2.655096421E-03, 14.0804948
	0.42178125, 2.719574743E-03, 13.4401631
	0.43178125, 2.784053066E-03, 12.7766131
	0.44178125, 2.848531388E-03, 12.090606
	0.45178125, 2.913009711E-03, 11.3829093
	0.46178125, 2.977488033E-03, 10.6543253
	0.47178125, 3.041966356E-03, 9.9057201
	0.48178125, 3.106444678E-03, 9.13804975
	0.49178125, 3.170923001E-03, 8.35237919
	0.50178125, 3.235401323E-03, 7.56244047
	0.51178125, 3.299879645E-03, 6.74877167
	0.52178125, 3.364357968E-03, 5.91848805
	0.53178125, 3.42883629E-03, 5.07454629
	0.54178125, 3.493314613E-03, 4.21456993
	0.55178125, 3.557792935E-03, 3.33899497
	0.56178125, 3.622271258E-03, 2.44835874
	0.57178125, 3.68674958E-03, 1.54242562
	0.58178125, 3.751227902E-03, 0.62109593
	0.59178125, 3.815706225E-03, -0.315769825
	0.60178125, 3.880184547E-03, -1.26837443
	0.61178125, 3.94466287E-03, -2.23693869
	0.62178125, 4.009141192E-03, -3.22174902
	0.63178125, 4.073619515E-03, -4.22313749
	0.64178125, 4.138097837E-03, -5.23874607
	0.65178125, 4.202576159E-03, -6.27726009
	0.66178125, 4.267054482E-03, -7.32968871
	0.67178125, 4.331532804E-03, -8.39714261
	0.68178125, 4.396011127E-03, -9.49418537
	0.69178125, 4.460489449E-03, -10.6050041
	0.70178125, 4.524967772E-03, -11.7308784
	0.71178125, 4.589446094E-03, -12.8700758
	0.72178125, 4.653924417E-03, -14.0574745
	0.73178125, 4.718402739E-03, -15.2547025
	0.74178125, 4.782881061E-03, -16.4626461
	0.75178125, 4.847359384E-03, -17.6737208
	0.76178125, 4.911837706E-03, -18.877713
	0.77178125, 4.976316029E-03, -20.0569508
	0.78178125, 5.040794351E-03, -21.1242788
	0.79178125, 5.105272674E-03, -22.1170816
	0.80178125, 5.169750996E-03, -22.9472062
	0.81178125, 5.234229318E-03, -23.5575855
	0.82178125, 5.298707641E-03, -23.8902982
	0.83178125, 5.363185963E-03, -23.9065704
	0.84178125, 5.427664286E-03, -23.5954895
	0.85178125, 5.492142608E-03, -22.9694105
	0.86178125, 5.556620931E-03, -22.0532447
	0.87178125, 5.621099253E-03, -20.874766
	0.88178125, 5.685577575E-03, -19.4585724
	0.89178125, 5.750055898E-03, -17.8254729
	0.90178125, 5.81453422E-03, -15.9851357
	0.91178125, 5.879012543E-03, -13.9489962
	0.92178125, 5.943490865E-03, -11.7227333
	0.93178125, 6.007969188E-03, -9.30953366
	0.94178125, 6.07244751E-03, -6.71082271
	0.95178125, 6.136925833E-03, -3.92675575
	0.96178125, 6.201404155E-03, -0.956563329
	0.97178125, 6.265882477E-03, 2.20120539
	0.98178125, 6.3303608E-03, 5.5485125
	0.99178125, 6.394839122E-03, 9.0877112
	1, 6.447832244E-03, 12.1420365
