 5.E-03, 4.E-04, 2.5E-03,2.5E-03, 3.E-03, 1.E-02,5.E-03, 5.E-03, 2.E-03,3.5E-02, 4.E-03, 5.236E-02,0.244346667, 5.236E-02, 0.349066667
	1.E-03, 5.73980604E-06, 0.178346923
	2.E-03, 1.147961208E-05, 0.355477459
	3.5E-03, 2.008932114E-05, 0.618901005
	5.75E-03, 3.300388473E-05, 1.00895149
	9.125E-03, 5.237573011E-05, 1.58267853
	1.41875E-02, 8.143349819E-05, 2.41804771
	2.178125E-02, 1.250201503E-04, 3.61541754
	3.178125E-02, 1.824182107E-04, 5.09304393
	4.178125E-02, 2.398162711E-04, 6.46183988
	5.178125E-02, 2.972143315E-04, 7.72603437
	6.178125E-02, 3.546123919E-04, 8.88984749
	7.178125E-02, 4.120104523E-04, 9.95747825
	8.178125E-02, 4.694085127E-04, 10.9330791
	9.178125E-02, 5.268065731E-04, 11.8207354
	0.10178125, 5.842046335E-04, 12.6244466
	0.11178125, 6.416026939E-04, 13.3481088
	0.12178125, 6.990007543E-04, 13.9955004
	0.13178125, 7.563988147E-04, 14.5702696
	0.14178125, 8.137968751E-04, 15.0759246
	0.15178125, 8.711949354E-04, 15.5158269
	0.16178125, 9.285929958E-04, 15.8931852
	0.17178125, 9.859910562E-04, 16.2110539
	0.18178125, 1.043389117E-03, 16.4723314
	0.19178125, 1.100787177E-03, 16.6797618
	0.20178125, 1.158185237E-03, 16.8359365
	0.21178125, 1.215583298E-03, 16.9432983
	0.22178125, 1.272981358E-03, 17.0041457
	0.23178125, 1.330379419E-03, 17.0206381
	0.24178125, 1.387777479E-03, 16.9948016
	0.25178125, 1.445175539E-03, 16.9285352
	0.26178125, 1.5025736E-03, 16.8236169
	0.27178125, 1.55997166E-03, 16.68171
	0.28178125, 1.617369721E-03, 16.5043699
	0.29178125, 1.674767781E-03, 16.29305
	0.30178125, 1.732165841E-03, 16.0491078
	0.31178125, 1.789563902E-03, 15.773811
	0.32178125, 1.846961962E-03, 15.4683431
	0.33178125, 1.904360023E-03, 15.1338089
	0.34178125, 1.961758083E-03, 14.7712396
	0.35178125, 2.019156143E-03, 14.3815981
	0.36178125, 2.076554204E-03, 13.9657835
	0.37178125, 2.133952264E-03, 13.5246356
	0.38178125, 2.191350325E-03, 13.0589399
	0.39178125, 2.248748385E-03, 12.5694316
	0.40178125, 2.306146445E-03, 12.0567994
	0.41178125, 2.363544506E-03, 11.5216907
	0.42178125, 2.420942566E-03, 10.9647147
	0.43178125, 2.478340627E-03, 10.3864474
	0.44178125, 2.535738687E-03, 9.78743514
	0.45178125, 2.593136747E-03, 9.16819913
	0.46178125, 2.650534808E-03, 8.52923907
	0.47178125, 2.707932868E-03, 7.87103658
	0.48178125, 2.765330929E-03, 7.19405823
	0.49178125, 2.822728989E-03, 6.49875647
	0.50178125, 2.880127049E-03, 5.7855691
	0.51178125, 2.93752511E-03, 5.05503263
	0.52178125, 2.99492317E-03, 4.30744595
	0.53178125, 3.05232123E-03, 3.54284913
	0.54178125, 3.109719291E-03, 2.76177115
	0.55178125, 3.167117351E-03, 1.96459121
	0.56178125, 3.224515412E-03, 1.15145484
	0.57178125, 3.281913472E-03, 0.322565131
	0.58178125, 3.339311532E-03, -0.521901648
	0.59178125, 3.396709593E-03, -1.38178523
	0.60178125, 3.454107653E-03, -2.25692476
	0.61178125, 3.511505714E-03, -3.14712858
	0.62178125, 3.568903774E-03, -4.052139
	0.63178125, 3.626301834E-03, -4.97157519
	0.64178125, 3.683699895E-03, -5.90365198
	0.65178125, 3.741097955E-03, -6.85107632
	0.66178125, 3.798496016E-03, -7.80809116
	0.67178125, 3.855894076E-03, -8.77449115
	0.68178125, 3.913292136E-03, -9.74709093
	0.69178125, 3.970690197E-03, -10.7254578
	0.70178125, 4.028088257E-03, -11.6975543
	0.71178125, 4.085486318E-03, -12.6544143
	0.72178125, 4.142884378E-03, -13.5850646
	0.73178125, 4.200282438E-03, -14.4767713
	0.74178125, 4.257680499E-03, -15.3051602
	0.75178125, 4.315078559E-03, -16.0467389
	0.76178125, 4.37247662E-03, -16.6757971
	0.77178125, 4.42987468E-03, -17.168169
	0.78178125, 4.48727274E-03, -17.5052168
	0.79178125, 4.544670801E-03, -17.6758833
	0.80178125, 4.602068861E-03, -17.6765305
	0.81178125, 4.659466922E-03, -17.5092978
	0.82178125, 4.716864982E-03, -17.1799548
	0.83178125, 4.774263042E-03, -16.6958727
	0.84178125, 4.831661103E-03, -16.065517
	0.85178125, 4.889059163E-03, -15.2931658
	0.86178125, 4.946457224E-03, -14.385379
	0.87178125, 5.003855284E-03, -13.3461308
	0.88178125, 5.061253344E-03, -12.1781821
	0.89178125, 5.118651405E-03, -10.8832775
	0.90178125, 5.176049465E-03, -9.46233368
	0.91178125, 5.233447526E-03, -7.91560418
	0.92178125, 5.290845586E-03, -6.24281673
	0.93178125, 5.348243646E-03, -4.44328118
	0.94178125, 5.405641707E-03, -2.51597518
	0.95178125, 5.463039767E-03, -0.459609784
	0.96178125, 5.520437828E-03, 1.72731985
	0.97178125, 5.577835888E-03, 4.04649455
	0.98178125, 5.635233948E-03, 6.49974091
	0.99178125, 5.692632009E-03, 9.08900758
	1, 5.73980604E-03, 11.320343
