 5.E-03, 4.E-04, 2.5E-03,2.5E-03, 3.E-03, 1.E-02,5.E-03, 5.E-03, 2.E-03,3.5E-02, 4.E-03, 5.236E-02,0.331613333, 5.236E-02, 0.349066667
	1.E-03, 7.49638123E-06, 0.300139476
	2.E-03, 1.499276246E-05, 0.597623525
	3.5E-03, 2.623733431E-05, 1.03890666
	5.75E-03, 4.310419207E-05, 1.68981887
	9.125E-03, 6.840447873E-05, 2.64177865
	1.41875E-02, 1.063549087E-04, 4.01604187
	2.178125E-02, 1.632805537E-04, 5.96083277
	3.178125E-02, 2.38244366E-04, 8.3190778
	4.178125E-02, 3.132081783E-04, 10.4613146
	5.178125E-02, 3.881719906E-04, 12.402647
	6.178125E-02, 4.631358029E-04, 14.1573911
	7.178125E-02, 5.380996152E-04, 15.7390686
	8.178125E-02, 6.130634275E-04, 17.1603203
	9.178125E-02, 6.880272398E-04, 18.4328882
	0.10178125, 7.629910521E-04, 19.56762
	0.11178125, 8.379548644E-04, 20.5744932
	0.12178125, 9.129186767E-04, 21.4626539
	0.13178125, 9.87882489E-04, 22.2404626
	0.14178125, 1.062846301E-03, 22.9155469
	0.15178125, 1.137810114E-03, 23.4956605
	0.16178125, 1.212773926E-03, 23.984667
	0.17178125, 1.287737738E-03, 24.3915926
	0.18178125, 1.362701551E-03, 24.718434
	0.19178125, 1.437665363E-03, 24.9730221
	0.20178125, 1.512629175E-03, 25.1567357
	0.21178125, 1.587592987E-03, 25.2761615
	0.22178125, 1.6625568E-03, 25.3323856
	0.23178125, 1.737520612E-03, 25.3306057
	0.24178125, 1.812484424E-03, 25.2720235
	0.25178125, 1.887448237E-03, 25.161536
	0.26178125, 1.962412049E-03, 24.9959807
	0.27178125, 2.037375861E-03, 24.7809062
	0.28178125, 2.112339674E-03, 24.5204676
	0.29178125, 2.187303486E-03, 24.2160043
	0.30178125, 2.262267298E-03, 23.8387632
	0.31178125, 2.33723111E-03, 23.4135227
	0.32178125, 2.412194923E-03, 22.9441586
	0.33178125, 2.487158735E-03, 22.432721
	0.34178125, 2.562122547E-03, 21.8814273
	0.35178125, 2.63708636E-03, 21.2923575
	0.36178125, 2.712050172E-03, 20.6675146
	0.37178125, 2.787013984E-03, 20.0088819
	0.38178125, 2.861977797E-03, 19.3184834
	0.39178125, 2.936941609E-03, 18.5984424
	0.40178125, 3.011905421E-03, 17.8510368
	0.41178125, 3.086869233E-03, 17.177473
	0.42178125, 3.161833046E-03, 16.4283714
	0.43178125, 3.236796858E-03, 15.6555417
	0.44178125, 3.31176067E-03, 14.8604303
	0.45178125, 3.386724483E-03, 14.0444381
	0.46178125, 3.461688295E-03, 13.2091835
	0.47178125, 3.536652107E-03, 12.3896985
	0.48178125, 3.61161592E-03, 11.5324813
	0.49178125, 3.686579732E-03, 10.6564596
	0.50178125, 3.761543544E-03, 9.76823457
	0.51178125, 3.836507356E-03, 8.86167775
	0.52178125, 3.911471169E-03, 7.9388326
	0.53178125, 3.986434981E-03, 6.99976131
	0.54178125, 4.061398793E-03, 6.04439976
	0.55178125, 4.136362606E-03, 5.07270148
	0.56178125, 4.211326418E-03, 4.0846194
	0.57178125, 4.28629023E-03, 3.08004711
	0.58178125, 4.361254043E-03, 2.05895379
	0.59178125, 4.436217855E-03, 1.02119005
	0.60178125, 4.511181667E-03, -3.32738784E-02
	0.61178125, 4.58614548E-03, -1.10454991
	0.62178125, 4.661109292E-03, -2.19273096
	0.63178125, 4.736073104E-03, -3.29446208
	0.64178125, 4.811036916E-03, -4.42025166
	0.65178125, 4.886000729E-03, -5.55818931
	0.66178125, 4.960964541E-03, -6.70946138
	0.67178125, 5.035928353E-03, -7.89156762
	0.68178125, 5.110892166E-03, -9.08428326
	0.69178125, 5.185855978E-03, -10.2886405
	0.70178125, 5.26081979E-03, -11.5022789
	0.71178125, 5.335783603E-03, -12.7798962
	0.72178125, 5.410747415E-03, -14.0692348
	0.73178125, 5.485711227E-03, -15.3715985
	0.74178125, 5.560675039E-03, -16.6843076
	0.75178125, 5.635638852E-03, -18.0055047
	0.76178125, 5.710602664E-03, -19.3332551
	0.77178125, 5.785566476E-03, -20.8483443
	0.78178125, 5.860530289E-03, -22.3796753
	0.79178125, 5.935494101E-03, -23.9309878
	0.80178125, 6.010457913E-03, -25.3261212
	0.81178125, 6.085421726E-03, -26.8986446
	0.82178125, 6.160385538E-03, -28.4385345
	0.83178125, 6.23534935E-03, -29.9684904
	0.84178125, 6.310313162E-03, -31.2572772
	0.85178125, 6.385276975E-03, -32.2043215
	0.86178125, 6.460240787E-03, -32.6861564
	0.87178125, 6.535204599E-03, -32.5667495
	0.88178125, 6.610168412E-03, -31.7593395
	0.89178125, 6.685132224E-03, -30.274568
	0.90178125, 6.760096036E-03, -28.1912662
	0.91178125, 6.835059849E-03, -25.6035182
	0.92178125, 6.910023661E-03, -22.588541
	0.93178125, 6.984987473E-03, -19.1993379
	0.94178125, 7.059951285E-03, -15.4715384
	0.95178125, 7.134915098E-03, -11.4184771
	0.96178125, 7.20987891E-03, -7.05456898
	0.97178125, 7.284842722E-03, -2.3847398
	0.98178125, 7.359806535E-03, 2.58964174
	0.99178125, 7.434770347E-03, 7.86950386
	1, 7.49638123E-03, 12.4394063
