 5.E-03, 4.E-04, 2.5E-03,2.5E-03, 3.E-03, 1.E-02,5.E-03, 5.E-03, 2.E-03,3.5E-02, 4.E-03, 5.236E-02,0.174533333, 5.236E-02, 0.349066667
	1.E-03, 4.306054761E-06, 9.077597491E-02
	2.E-03, 8.612109522E-06, 0.181030881
	3.5E-03, 1.507119166E-05, 0.315438872
	5.75E-03, 2.475981488E-05, 0.514866396
	9.125E-03, 3.929274969E-05, 0.809119427
	1.41875E-02, 6.109215192E-05, 1.23959006
	2.178125E-02, 9.379125526E-05, 1.86105413
	3.178125E-02, 1.368518029E-04, 2.6358484
	4.178125E-02, 1.799123505E-04, 3.36216692
	5.178125E-02, 2.229728981E-04, 4.04117843
	6.178125E-02, 2.660334457E-04, 4.67404446
	7.178125E-02, 3.090939933E-04, 5.2619194
	8.178125E-02, 3.521545409E-04, 5.80594811
	9.178125E-02, 3.952150885E-04, 6.3072655
	0.10178125, 4.382756361E-04, 6.76699495
	0.11178125, 4.813361837E-04, 7.18624731
	0.12178125, 5.243967314E-04, 7.56611932
	0.13178125, 5.67457279E-04, 7.90769284
	0.14178125, 6.105178266E-04, 8.2120335
	0.15178125, 6.535783742E-04, 8.48018978
	0.16178125, 6.966389218E-04, 8.71319161
	0.17178125, 7.396994694E-04, 8.91205008
	0.18178125, 7.82760017E-04, 9.07775579
	0.19178125, 8.258205646E-04, 9.2112789
	0.20178125, 8.688811122E-04, 9.31356803
	0.21178125, 9.119416598E-04, 9.38554992
	0.22178125, 9.550022074E-04, 9.42812902
	0.23178125, 9.98062755E-04, 9.44218715
	0.24178125, 1.041123303E-03, 9.42858387
	0.25178125, 1.08418385E-03, 9.38815609
	0.26178125, 1.127244398E-03, 9.32171866
	0.27178125, 1.170304945E-03, 9.2300646
	0.28178125, 1.213365493E-03, 9.11396593
	0.29178125, 1.256426041E-03, 8.9741744
	0.30178125, 1.299486588E-03, 8.8114227
	0.31178125, 1.342547136E-03, 8.62642558
	0.32178125, 1.385607684E-03, 8.4198816
	0.33178125, 1.428668231E-03, 8.19247485
	0.34178125, 1.471728779E-03, 7.94487735
	0.35178125, 1.514789326E-03, 7.67775133
	0.36178125, 1.557849874E-03, 7.39175244
	0.37178125, 1.600910422E-03, 7.08753297
	0.38178125, 1.643970969E-03, 6.76574596
	0.39178125, 1.687031517E-03, 6.42704953
	0.40178125, 1.730092064E-03, 6.07211238
	0.41178125, 1.773152612E-03, 5.7016195
	0.42178125, 1.81621316E-03, 5.31627903
	0.43178125, 1.859273707E-03, 4.91683022
	0.44178125, 1.902334255E-03, 4.50405184
	0.45178125, 1.945394802E-03, 4.07877228
	0.46178125, 1.98845535E-03, 3.64188042
	0.47178125, 2.031515898E-03, 3.19433742
	0.48178125, 2.074576445E-03, 2.73718984
	0.49178125, 2.117636993E-03, 2.27158282
	0.50178125, 2.16069754E-03, 1.79877422
	0.51178125, 2.203758088E-03, 1.3201479
	0.52178125, 2.246818636E-03, 0.837225709
	0.53178125, 2.289879183E-03, 0.351677904
	0.54178125, 2.332939731E-03, -0.134670519
	0.55178125, 2.376000279E-03, -0.61983784
	0.56178125, 2.419060826E-03, -1.10169008
	0.57178125, 2.462121374E-03, -1.57795163
	0.58178125, 2.505181921E-03, -2.04622449
	0.59178125, 2.548242469E-03, -2.50401407
	0.60178125, 2.591303017E-03, -2.94876183
	0.61178125, 2.634363564E-03, -3.37788279
	0.62178125, 2.677424112E-03, -3.78880523
	0.63178125, 2.720484659E-03, -4.17901069
	0.64178125, 2.763545207E-03, -4.54607065
	0.65178125, 2.806605755E-03, -4.88767837
	0.66178125, 2.849666302E-03, -5.20167377
	0.67178125, 2.89272685E-03, -5.48605989
	0.68178125, 2.935787397E-03, -5.73901145
	0.69178125, 2.978847945E-03, -5.95887502
	0.70178125, 3.021908493E-03, -6.14416219
	0.71178125, 3.06496904E-03, -6.29353807
	0.72178125, 3.108029588E-03, -6.40580453
	0.73178125, 3.151090136E-03, -6.47988245
	0.74178125, 3.194150683E-03, -6.5147927
	0.75178125, 3.237211231E-03, -6.50963721
	0.76178125, 3.280271778E-03, -6.46358204
	0.77178125, 3.323332326E-03, -6.37584143
	0.78178125, 3.366392874E-03, -6.24566429
	0.79178125, 3.409453421E-03, -6.07232284
	0.80178125, 3.452513969E-03, -5.85510324
	0.81178125, 3.495574516E-03, -5.59329757
	0.82178125, 3.538635064E-03, -5.28619832
	0.83178125, 3.581695612E-03, -4.93309345
	0.84178125, 3.624756159E-03, -4.533263
	0.85178125, 3.667816707E-03, -4.08597663
	0.86178125, 3.710877254E-03, -3.59049191
	0.87178125, 3.753937802E-03, -3.04605285
	0.88178125, 3.79699835E-03, -2.45188971
	0.89178125, 3.840058897E-03, -1.80721811
	0.90178125, 3.883119445E-03, -1.11123957
	0.91178125, 3.926179992E-03, -0.363140908
	0.92178125, 3.96924054E-03, 0.437904617
	0.93178125, 4.012301088E-03, 1.29273782
	0.94178125, 4.055361635E-03, 2.20221259
	0.95178125, 4.098422183E-03, 3.16719573
	0.96178125, 4.141482731E-03, 4.18856631
	0.97178125, 4.184543278E-03, 5.26721513
	0.98178125, 4.227603826E-03, 6.40404472
	0.99178125, 4.270664373E-03, 7.59996838
	1, 4.306054761E-03, 8.62775991
