 5.E-03, 4.E-04, 2.5E-03,2.5E-03, 3.E-03, 1.E-02,5.E-03, 5.E-03, 2.E-03,3.5E-02, 4.E-03, 5.236E-02,0.226893333, 5.236E-02, 0.349066667
	1.E-03, 5.383417587E-06, 0.154946855
	2.E-03, 1.076683517E-05, 0.308891086
	3.5E-03, 1.884196155E-05, 0.537934173
	5.75E-03, 3.095465113E-05, 0.877303851
	9.125E-03, 4.912368548E-05, 1.37698812
	1.41875E-02, 7.637723702E-05, 2.10566159
	2.178125E-02, 1.172575643E-04, 3.15253476
	3.178125E-02, 1.710917402E-04, 4.44871117
	4.178125E-02, 2.249259161E-04, 5.65403956
	5.178125E-02, 2.787600919E-04, 6.77161505
	6.178125E-02, 3.325942678E-04, 7.80453164
	7.178125E-02, 3.864284437E-04, 8.75587689
	8.178125E-02, 4.402626195E-04, 9.62871761
	9.178125E-02, 4.940967954E-04, 10.4260883
	0.10178125, 5.479309713E-04, 11.1509805
	0.11178125, 6.017651471E-04, 11.8063311
	0.12178125, 6.55599323E-04, 12.3950136
	0.13178125, 7.094334989E-04, 12.9198286
	0.14178125, 7.632676748E-04, 13.383496
	0.15178125, 8.171018506E-04, 13.7886487
	0.16178125, 8.709360265E-04, 14.1378269
	0.17178125, 9.247702024E-04, 14.4334742
	0.18178125, 9.786043782E-04, 14.677934
	0.19178125, 1.032438554E-03, 14.8734485
	0.20178125, 1.08627273E-03, 15.0221574
	0.21178125, 1.140106906E-03, 15.1260977
	0.22178125, 1.193941082E-03, 15.1872052
	0.23178125, 1.247775258E-03, 15.2073159
	0.24178125, 1.301609433E-03, 15.188168
	0.25178125, 1.355443609E-03, 15.131405
	0.26178125, 1.409277785E-03, 15.0385785
	0.27178125, 1.463111961E-03, 14.9111517
	0.28178125, 1.516946137E-03, 14.7505028
	0.29178125, 1.570780313E-03, 14.5579292
	0.30178125, 1.624614489E-03, 14.3346506
	0.31178125, 1.678448665E-03, 14.0818136
	0.32178125, 1.73228284E-03, 13.8004949
	0.33178125, 1.786117016E-03, 13.4917051
	0.34178125, 1.839951192E-03, 13.156393
	0.35178125, 1.893785368E-03, 12.7954484
	0.36178125, 1.947619544E-03, 12.4097062
	0.37178125, 2.00145372E-03, 11.9999495
	0.38178125, 2.055287896E-03, 11.566913
	0.39178125, 2.109122072E-03, 11.111286
	0.40178125, 2.162956247E-03, 10.6337158
	0.41178125, 2.216790423E-03, 10.1348103
	0.42178125, 2.270624599E-03, 9.61514121
	0.43178125, 2.324458775E-03, 9.0752464
	0.44178125, 2.378292951E-03, 8.51563312
	0.45178125, 2.432127127E-03, 7.93677996
	0.46178125, 2.485961303E-03, 7.33914001
	0.47178125, 2.539795478E-03, 6.72314264
	0.48178125, 2.593629654E-03, 6.08919642
	0.49178125, 2.64746383E-03, 5.43769152
	0.50178125, 2.701298006E-03, 4.76900225
	0.51178125, 2.755132182E-03, 4.08349044
	0.52178125, 2.808966358E-03, 3.38150952
	0.53178125, 2.862800534E-03, 2.66340942
	0.54178125, 2.91663471E-03, 1.92936776
	0.55178125, 2.970468885E-03, 1.18008612
	0.56178125, 3.024303061E-03, 0.415798947
	0.57178125, 3.078137237E-03, -0.363056239
	0.58178125, 3.131971413E-03, -1.15597191
	0.59178125, 3.185805589E-03, -1.96233561
	0.60178125, 3.239639765E-03, -2.78138213
	0.61178125, 3.293473941E-03, -3.61212754
	0.62178125, 3.347308117E-03, -4.4527817
	0.63178125, 3.401142292E-03, -5.30312342
	0.64178125, 3.454976468E-03, -6.15877595
	0.65178125, 3.508810644E-03, -7.01816809
	0.66178125, 3.56264482E-03, -7.87682088
	0.67178125, 3.616478996E-03, -8.72923314
	0.68178125, 3.670313172E-03, -9.56818377
	0.69178125, 3.724147348E-03, -10.3844583
	0.70178125, 3.777981523E-03, -11.1666893
	0.71178125, 3.831815699E-03, -11.9014835
	0.72178125, 3.885649875E-03, -12.5738397
	0.73178125, 3.939484051E-03, -13.1691676
	0.74178125, 3.993318227E-03, -13.6725143
	0.75178125, 4.047152403E-03, -14.0736039
	0.76178125, 4.100986579E-03, -14.3639742
	0.77178125, 4.154820755E-03, -14.5388985
	0.78178125, 4.20865493E-03, -14.5975117
	0.79178125, 4.262489106E-03, -14.5384086
	0.80178125, 4.316323282E-03, -14.3644478
	0.81178125, 4.370157458E-03, -14.0783091
	0.82178125, 4.423991634E-03, -13.6828108
	0.83178125, 4.47782581E-03, -13.1805445
	0.84178125, 4.531659986E-03, -12.5736699
	0.85178125, 4.585494162E-03, -11.8638345
	0.86178125, 4.639328337E-03, -11.0521733
	0.87178125, 4.693162513E-03, -10.1393484
	0.88178125, 4.746996689E-03, -9.12560558
	0.89178125, 4.800830865E-03, -8.01083347
	0.90178125, 4.854665041E-03, -6.79461877
	0.91178125, 4.908499217E-03, -5.47629552
	0.92178125, 4.962333393E-03, -4.05498667
	0.93178125, 5.016167568E-03, -2.52963789
	0.94178125, 5.070001744E-03, -0.899046789
	0.95178125, 5.12383592E-03, 0.838114719
	0.96178125, 5.177670096E-03, 2.68328035
	0.97178125, 5.231504272E-03, 4.63797554
	0.98178125, 5.285338448E-03, 6.70380394
	0.99178125, 5.339172624E-03, 8.8824375
	1, 5.383417587E-03, 10.7586764
