 5.E-03, 4.E-04, 2.5E-03,2.5E-03, 3.E-03, 1.E-02,5.E-03, 5.E-03, 2.E-03,3.5E-02, 4.E-03, 5.236E-02,0.296706667, 5.236E-02, 0.349066667
	1.E-03, 6.799254322E-06, 0.251164509
	2.E-03, 1.359850864E-05, 0.500313341
	3.5E-03, 2.379739013E-05, 0.870278454
	5.75E-03, 3.909571235E-05, 1.41683594
	9.125E-03, 6.204319569E-05, 2.21801606
	1.41875E-02, 9.64644207E-05, 3.37856158
	2.178125E-02, 1.480962582E-04, 5.02916828
	3.178125E-02, 2.160888014E-04, 7.04426079
	4.178125E-02, 2.840813446E-04, 8.88825889
	5.178125E-02, 3.520738879E-04, 10.5709068
	6.178125E-02, 4.200664311E-04, 12.1016888
	7.178125E-02, 4.880589743E-04, 13.4897894
	8.178125E-02, 5.560515175E-04, 14.7440176
	9.178125E-02, 6.240440608E-04, 15.8727619
	0.10178125, 6.92036604E-04, 16.8839602
	0.11178125, 7.600291472E-04, 17.7850817
	0.12178125, 8.280216904E-04, 18.5831217
	0.13178125, 8.960142336E-04, 19.284605
	0.14178125, 9.640067769E-04, 19.8955969
	0.15178125, 1.03199932E-03, 20.4217193
	0.16178125, 1.099991863E-03, 20.8681717
	0.17178125, 1.167984407E-03, 21.2397539
	0.18178125, 1.23597695E-03, 21.5408906
	0.19178125, 1.303969493E-03, 21.7756558
	0.20178125, 1.371962036E-03, 21.9477981
	0.21178125, 1.439954579E-03, 22.0611773
	0.22178125, 1.507947123E-03, 22.117642
	0.23178125, 1.575939666E-03, 22.1218601
	0.24178125, 1.643932209E-03, 22.0748416
	0.25178125, 1.711924752E-03, 21.9804886
	0.26178125, 1.779917296E-03, 21.8397593
	0.27178125, 1.847909839E-03, 21.6557488
	0.28178125, 1.915902382E-03, 21.4294986
	0.29178125, 1.983894925E-03, 21.1631173
	0.30178125, 2.051887468E-03, 20.8580153
	0.31178125, 2.119880012E-03, 20.5167286
	0.32178125, 2.187872555E-03, 20.135698
	0.33178125, 2.255865098E-03, 19.7200291
	0.34178125, 2.323857641E-03, 19.2718765
	0.35178125, 2.391850185E-03, 18.7920921
	0.36178125, 2.459842728E-03, 18.2816945
	0.37178125, 2.527835271E-03, 17.7151142
	0.38178125, 2.595827814E-03, 17.1157396
	0.39178125, 2.663820357E-03, 16.4856748
	0.40178125, 2.731812901E-03, 15.8266592
	0.41178125, 2.799805444E-03, 15.1405807
	0.42178125, 2.867797987E-03, 14.5124672
	0.43178125, 2.93579053E-03, 13.8098088
	0.44178125, 3.003783074E-03, 13.0845036
	0.45178125, 3.071775617E-03, 12.3373329
	0.46178125, 3.13976816E-03, 11.569308
	0.47178125, 3.207760703E-03, 10.7815421
	0.48178125, 3.275753246E-03, 9.97529702
	0.49178125, 3.34374579E-03, 9.15197859
	0.50178125, 3.411738333E-03, 8.33159799
	0.51178125, 3.479730876E-03, 7.48489727
	0.52178125, 3.547723419E-03, 6.62160928
	0.53178125, 3.615715963E-03, 5.7447033
	0.54178125, 3.683708506E-03, 4.85176224
	0.55178125, 3.751701049E-03, 3.94325051
	0.56178125, 3.819693592E-03, 3.01950041
	0.57178125, 3.887686135E-03, 2.08030216
	0.58178125, 3.955678679E-03, 1.12552613
	0.59178125, 4.023671222E-03, 0.155038073
	0.60178125, 4.091663765E-03, -0.831342881
	0.61178125, 4.159656308E-03, -1.83383341
	0.62178125, 4.227648852E-03, -2.85268923
	0.63178125, 4.295641395E-03, -3.88549722
	0.64178125, 4.363633938E-03, -4.94077477
	0.65178125, 4.431626481E-03, -6.00943642
	0.66178125, 4.499619024E-03, -7.09250343
	0.67178125, 4.567611568E-03, -8.20534564
	0.68178125, 4.635604111E-03, -9.33151967
	0.69178125, 4.703596654E-03, -10.472107
	0.70178125, 4.771589197E-03, -11.6256793
	0.71178125, 4.839581741E-03, -12.8330806
	0.72178125, 4.907574284E-03, -14.0545146
	0.73178125, 4.975566827E-03, -15.2917296
	0.74178125, 5.04355937E-03, -16.5420851
	0.75178125, 5.111551913E-03, -17.8034794
	0.76178125, 5.179544457E-03, -19.0729863
	0.77178125, 5.247537E-03, -20.4610765
	0.78178125, 5.315529543E-03, -21.8300956
	0.79178125, 5.383522086E-03, -23.0785129
	0.80178125, 5.45151463E-03, -24.2585865
	0.81178125, 5.519507173E-03, -25.3441464
	0.82178125, 5.587499716E-03, -26.2246104
	0.83178125, 5.655492259E-03, -26.7826343
	0.84178125, 5.723484802E-03, -26.9652363
	0.85178125, 5.791477346E-03, -26.7226599
	0.86178125, 5.859469889E-03, -26.0507596
	0.87178125, 5.927462432E-03, -24.979637
	0.88178125, 5.995454975E-03, -23.5533874
	0.89178125, 6.063447519E-03, -21.8144937
	0.90178125, 6.131440062E-03, -19.7966338
	0.91178125, 6.199432605E-03, -17.5256129
	0.92178125, 6.267425148E-03, -15.0125352
	0.93178125, 6.335417691E-03, -12.2699011
	0.94178125, 6.403410235E-03, -9.30322757
	0.95178125, 6.471402778E-03, -6.11516885
	0.96178125, 6.539395321E-03, -2.70643712
	0.97178125, 6.607387864E-03, 0.923615515
	0.98178125, 6.675380408E-03, 4.77660575
	0.99178125, 6.743372951E-03, 8.85485618
	1, 6.799254322E-03, 12.3773405
