 5.E-03, 4.E-04, 2.5E-03,2.5E-03, 3.E-03, 1.E-02,5.E-03, 5.E-03, 2.E-03,3.5E-02, 4.E-03, 5.236E-02,0.20944, 5.236E-02, 0.349066667
	1.E-03, 5.025590157E-06, 0.132367393
	2.E-03, 1.005118031E-05, 0.263918546
	3.5E-03, 1.758956555E-05, 0.459719755
	5.75E-03, 2.88971434E-05, 0.750003673
	9.125E-03, 4.585851018E-05, 1.17778971
	1.41875E-02, 7.130056035E-05, 1.80244779
	2.178125E-02, 1.094636356E-04, 2.70171136
	3.178125E-02, 1.597195372E-04, 3.81835735
	4.178125E-02, 2.099754387E-04, 4.86026544
	5.178125E-02, 2.602313403E-04, 5.82968455
	6.178125E-02, 3.104872419E-04, 6.7288602
	7.178125E-02, 3.607431434E-04, 7.56003278
	8.178125E-02, 4.10999045E-04, 8.32543034
	9.178125E-02, 4.612549466E-04, 9.02726281
	0.10178125, 5.115108481E-04, 9.66771644
	0.11178125, 5.617667497E-04, 10.2489475
	0.12178125, 6.120226513E-04, 10.7730776
	0.13178125, 6.622785528E-04, 11.2421878
	0.14178125, 7.125344544E-04, 11.6583143
	0.15178125, 7.62790356E-04, 12.0234435
	0.16178125, 8.130462575E-04, 12.3395083
	0.17178125, 8.633021591E-04, 12.6083848
	0.18178125, 9.135580607E-04, 12.8318891
	0.19178125, 9.638139622E-04, 13.0117753
	0.20178125, 1.014069864E-03, 13.1497337
	0.21178125, 1.064325765E-03, 13.2473894
	0.22178125, 1.114581667E-03, 13.3063018
	0.23178125, 1.164837569E-03, 13.3279641
	0.24178125, 1.21509347E-03, 13.313804
	0.25178125, 1.265349372E-03, 13.2651839
	0.26178125, 1.315605273E-03, 13.1834022
	0.27178125, 1.365861175E-03, 13.069694
	0.28178125, 1.416117076E-03, 12.9252336
	0.29178125, 1.466372978E-03, 12.7511352
	0.30178125, 1.516628879E-03, 12.5484554
	0.31178125, 1.566884781E-03, 12.3181955
	0.32178125, 1.617140683E-03, 12.061303
	0.33178125, 1.667396584E-03, 11.7786746
	0.34178125, 1.717652486E-03, 11.471158
	0.35178125, 1.767908387E-03, 11.1395546
	0.36178125, 1.818164289E-03, 10.784622
	0.37178125, 1.86842019E-03, 10.4070763
	0.38178125, 1.918676092E-03, 10.0075947
	0.39178125, 1.968931994E-03, 9.58681815
	0.40178125, 2.019187895E-03, 9.14535411
	0.41178125, 2.069443797E-03, 8.68377915
	0.42178125, 2.119699698E-03, 8.20264188
	0.43178125, 2.1699556E-03, 7.70246621
	0.44178125, 2.220211501E-03, 7.18375462
	0.45178125, 2.270467403E-03, 6.64699189
	0.46178125, 2.320723305E-03, 6.09264934
	0.47178125, 2.370979206E-03, 5.52118983
	0.48178125, 2.421235108E-03, 4.93307339
	0.49178125, 2.471491009E-03, 4.32876439
	0.50178125, 2.521746911E-03, 3.70873995
	0.51178125, 2.572002812E-03, 3.07350071
	0.52178125, 2.622258714E-03, 2.42358418
	0.53178125, 2.672514616E-03, 1.75958183
	0.54178125, 2.722770517E-03, 1.08216071
	0.55178125, 2.773026419E-03, 0.392091354
	0.56178125, 2.82328232E-03, -0.309716863
	0.57178125, 2.873538222E-03, -1.02217005
	0.58178125, 2.923794123E-03, -1.74393273
	0.59178125, 2.974050025E-03, -2.47335602
	0.60178125, 3.024305926E-03, -3.2083893
	0.61178125, 3.074561828E-03, -3.94647557
	0.62178125, 3.12481773E-03, -4.68443192
	0.63178125, 3.175073631E-03, -5.4183231
	0.64178125, 3.225329533E-03, -6.14334468
	0.65178125, 3.275585434E-03, -6.85374165
	0.66178125, 3.325841336E-03, -7.54280087
	0.67178125, 3.376097237E-03, -8.20295902
	0.68178125, 3.426353139E-03, -8.82605372
	0.69178125, 3.476609041E-03, -9.4037136
	0.70178125, 3.526864942E-03, -9.92783061
	0.71178125, 3.577120844E-03, -10.3910238
	0.72178125, 3.627376745E-03, -10.7869999
	0.73178125, 3.677632647E-03, -11.1107581
	0.74178125, 3.727888548E-03, -11.3586305
	0.75178125, 3.77814445E-03, -11.528187
	0.76178125, 3.828400352E-03, -11.6180435
	0.77178125, 3.878656253E-03, -11.6276195
	0.78178125, 3.928912155E-03, -11.5568846
	0.79178125, 3.979168056E-03, -11.4061291
	0.80178125, 4.029423958E-03, -11.1757792
	0.81178125, 4.079679859E-03, -10.866261
	0.82178125, 4.129935761E-03, -10.4779122
	0.83178125, 4.180191663E-03, -10.0109311
	0.84178125, 4.230447564E-03, -9.46535244
	0.85178125, 4.280703466E-03, -8.84104128
	0.86178125, 4.330959367E-03, -8.137698
	0.87178125, 4.381215269E-03, -7.35486965
	0.88178125, 4.43147117E-03, -6.49196284
	0.89178125, 4.481727072E-03, -5.54825933
	0.90178125, 4.531982973E-03, -4.52292938
	0.91178125, 4.582238875E-03, -3.41504457
	0.92178125, 4.632494777E-03, -2.2235907
	0.93178125, 4.682750678E-03, -0.947476548
	0.94178125, 4.73300658E-03, 0.414455683
	0.95178125, 4.783262481E-03, 1.86342385
	0.96178125, 4.833518383E-03, 3.40069787
	0.97178125, 4.883774284E-03, 5.02759536
	0.98178125, 4.934030186E-03, 6.74547593
	0.99178125, 4.984286088E-03, 8.55573756
	1, 5.025590157E-03, 10.1137173
