 5.E-03, 4.E-04, 2.5E-03,2.5E-03, 3.E-03, 1.E-02,5.E-03, 5.E-03, 2.E-03,3.5E-02, 4.E-03, 5.236E-02,0.31416, 5.236E-02, 0.349066667
	1.E-03, 7.148806144E-06, 0.275700047
	2.E-03, 1.429761229E-05, 0.549072982
	3.5E-03, 2.50208215E-05, 0.954797275
	5.75E-03, 4.110563533E-05, 1.55371482
	9.125E-03, 6.523285606E-05, 2.4306251
	1.41875E-02, 1.014236872E-04, 3.69866817
	2.178125E-02, 1.557099338E-04, 5.49754771
	3.178125E-02, 2.271979952E-04, 7.68603003
	4.178125E-02, 2.986860567E-04, 9.68107805
	5.178125E-02, 3.701741181E-04, 11.4949732
	6.178125E-02, 4.416621796E-04, 13.139517
	7.178125E-02, 5.13150241E-04, 14.6259962
	8.178125E-02, 5.846383024E-04, 15.965099
	9.178125E-02, 6.561263639E-04, 17.1668752
	0.10178125, 7.276144253E-04, 18.2407178
	0.11178125, 7.991024867E-04, 19.1953624
	0.12178125, 8.705905482E-04, 20.0388982
	0.13178125, 9.420786096E-04, 20.7787907
	0.14178125, 1.013566671E-03, 21.421911
	0.15178125, 1.085054732E-03, 21.9745692
	0.16178125, 1.156542794E-03, 22.442551
	0.17178125, 1.228030855E-03, 22.8311546
	0.18178125, 1.299518917E-03, 23.1458248
	0.19178125, 1.371006978E-03, 23.3891364
	0.20178125, 1.44249504E-03, 23.5676068
	0.21178125, 1.513983101E-03, 23.682561
	0.22178125, 1.585471163E-03, 23.739552
	0.23178125, 1.656959224E-03, 23.7396527
	0.24178125, 1.728447285E-03, 23.6874011
	0.25178125, 1.799935347E-03, 23.5838436
	0.26178125, 1.871423408E-03, 23.4322904
	0.27178125, 1.94291147E-03, 23.2341311
	0.28178125, 2.014399531E-03, 22.9929252
	0.29178125, 2.085887593E-03, 22.7044757
	0.30178125, 2.157375654E-03, 22.3747169
	0.31178125, 2.228863715E-03, 22.0066869
	0.32178125, 2.300351777E-03, 21.6014584
	0.33178125, 2.371839838E-03, 21.1603947
	0.34178125, 2.4433279E-03, 20.6371516
	0.35178125, 2.514815961E-03, 20.1057815
	0.36178125, 2.586304023E-03, 19.5406389
	0.37178125, 2.657792084E-03, 18.9435919
	0.38178125, 2.729280145E-03, 18.3157801
	0.39178125, 2.800768207E-03, 17.6585366
	0.40178125, 2.872256268E-03, 16.9731961
	0.41178125, 2.94374433E-03, 16.2611406
	0.42178125, 3.015232391E-03, 15.5238441
	0.43178125, 3.086720453E-03, 14.7629142
	0.44178125, 3.158208514E-03, 13.9801313
	0.45178125, 3.229696576E-03, 13.1774767
	0.46178125, 3.301184637E-03, 12.4110896
	0.47178125, 3.372672698E-03, 11.6010355
	0.48178125, 3.44416076E-03, 10.7713724
	0.49178125, 3.515648821E-03, 9.92308117
	0.50178125, 3.587136883E-03, 9.05757874
	0.51178125, 3.658624944E-03, 8.18432294
	0.52178125, 3.730113006E-03, 7.29117502
	0.53178125, 3.801601067E-03, 6.3823696
	0.54178125, 3.873089128E-03, 5.45788371
	0.55178125, 3.94457719E-03, 4.51767962
	0.56178125, 4.016065251E-03, 3.56169675
	0.57178125, 4.087553313E-03, 2.5898564
	0.58178125, 4.159041374E-03, 1.60206138
	0.59178125, 4.230529436E-03, 0.598172359
	0.60178125, 4.302017497E-03, -0.421924022
	0.61178125, 4.373505559E-03, -1.45839725
	0.62178125, 4.44499362E-03, -2.51143377
	0.63178125, 4.516481681E-03, -3.57810065
	0.64178125, 4.587969743E-03, -4.66814541
	0.65178125, 4.659457804E-03, -5.77092232
	0.66178125, 4.730945866E-03, -6.88744303
	0.67178125, 4.802433927E-03, -8.03476544
	0.68178125, 4.873921989E-03, -9.19423359
	0.69178125, 4.94541005E-03, -10.3668358
	0.70178125, 5.016898111E-03, -11.5507874
	0.71178125, 5.088386173E-03, -12.7943744
	0.72178125, 5.159874234E-03, -14.0513612
	0.73178125, 5.231362296E-03, -15.323301
	0.74178125, 5.302850357E-03, -16.6077947
	0.75178125, 5.374338419E-03, -17.9032357
	0.76178125, 5.44582648E-03, -19.2078085
	0.77178125, 5.517314541E-03, -20.6719016
	0.78178125, 5.588802603E-03, -22.1418047
	0.79178125, 5.660290664E-03, -23.6189344
	0.80178125, 5.731778726E-03, -24.9655503
	0.81178125, 5.803266787E-03, -26.2630039
	0.82178125, 5.874754849E-03, -27.6857045
	0.83178125, 5.94624291E-03, -28.7614415
	0.84178125, 6.017730972E-03, -29.5345781
	0.85178125, 6.089219033E-03, -29.8840347
	0.86178125, 6.160707094E-03, -29.7186855
	0.87178125, 6.232195156E-03, -28.9978479
	0.88178125, 6.303683217E-03, -27.7467364
	0.89178125, 6.375171279E-03, -26.0266694
	0.90178125, 6.44665934E-03, -23.9035536
	0.91178125, 6.518147402E-03, -21.4307603
	0.92178125, 6.589635463E-03, -18.6456367
	0.93178125, 6.661123524E-03, -15.5741207
	0.94178125, 6.732611586E-03, -12.2262062
	0.95178125, 6.804099647E-03, -8.61287401
	0.96178125, 6.875587709E-03, -4.73806138
	0.97178125, 6.94707577E-03, -0.602946294
	0.98178125, 7.018563832E-03, 3.79313261
	0.99178125, 7.090051893E-03, 8.45211138
	1, 7.148806144E-03, 12.4800733
