	5.E-03, 4.E-04, 2.5E-03, 2.5E-03, 3.E-03, 1.E-02, 5.E-03, 5.E-03, 2.E-03, 3.5E-02, 4.E-03, 0, 0.2618, 0, 0.349066667
	1.E-03, 5.435212365E-06, 0.133423025
	2.E-03, 1.087042473E-05, 0.265963095
	3.5E-03, 1.902324328E-05, 0.463125622
	5.75E-03, 3.12524711E-05, 0.755186676
	9.125E-03, 4.959631283E-05, 1.18507405
	1.41875E-02, 7.711207543E-05, 1.8117202
	2.178125E-02, 1.183857193E-04, 2.71169025
	3.178125E-02, 1.72737843E-04, 3.82595276
	4.178125E-02, 2.270899666E-04, 4.86282645
	5.178125E-02, 2.814420903E-04, 5.82566006
	6.178125E-02, 3.357942139E-04, 6.71768705
	7.178125E-02, 3.901463376E-04, 7.54203356
	8.178125E-02, 4.444984613E-04, 8.30170742
	9.178125E-02, 4.988505849E-04, 8.99959582
	0.10178125, 5.532027086E-04, 9.638464
	0.11178125, 6.075548322E-04, 10.2209551
	0.12178125, 6.619069559E-04, 10.7495911
	0.13178125, 7.162590795E-04, 11.2267744
	0.14178125, 7.706112032E-04, 11.6547905
	0.15178125, 8.249633268E-04, 12.035811
	0.16178125, 8.793154505E-04, 12.3718969
	0.17178125, 9.336675741E-04, 12.665003
	0.18178125, 9.880196978E-04, 12.9169814
	0.19178125, 1.042371821E-03, 13.1295867
	0.20178125, 1.096723945E-03, 13.30448
	0.21178125, 1.151076069E-03, 13.4432332
	0.22178125, 1.205428192E-03, 13.5473342
	0.23178125, 1.259780316E-03, 13.6181906
	0.24178125, 1.31413244E-03, 13.6571347
	0.25178125, 1.368484563E-03, 13.6654275
	0.26178125, 1.422836687E-03, 13.644263
	0.27178125, 1.477188811E-03, 13.5947717
	0.28178125, 1.531540934E-03, 13.5180254
	0.29178125, 1.585893058E-03, 13.4150397
	0.30178125, 1.640245182E-03, 13.2867786
	0.31178125, 1.694597305E-03, 13.1341573
	0.32178125, 1.748949429E-03, 12.9580452
	0.33178125, 1.803301553E-03, 12.7592696
	0.34178125, 1.857653676E-03, 12.5386179
	0.35178125, 1.9120058E-03, 12.2968411
	0.36178125, 1.966357924E-03, 12.0346556
	0.37178125, 2.020710047E-03, 11.7527462
	0.38178125, 2.075062171E-03, 11.4517685
	0.39178125, 2.129414294E-03, 11.132351
	0.40178125, 2.183766418E-03, 10.7950972
	0.41178125, 2.238118542E-03, 10.4405881
	0.42178125, 2.292470665E-03, 10.0693838
	0.43178125, 2.346822789E-03, 9.68202572
	0.44178125, 2.401174913E-03, 9.27903846
	0.45178125, 2.455527036E-03, 8.86093177
	0.46178125, 2.50987916E-03, 8.4282024
	0.47178125, 2.564231284E-03, 7.98133598
	0.48178125, 2.618583407E-03, 7.52080897
	0.49178125, 2.672935531E-03, 7.04709057
	0.50178125, 2.727287655E-03, 6.56064512
	0.51178125, 2.781639778E-03, 6.06193365
	0.52178125, 2.835991902E-03, 5.5514166
	0.53178125, 2.890344026E-03, 5.02955609
	0.54178125, 2.944696149E-03, 4.49681885
	0.55178125, 2.999048273E-03, 3.95367852
	0.56178125, 3.053400397E-03, 3.40061958
	0.57178125, 3.10775252E-03, 2.83814052
	0.58178125, 3.162104644E-03, 2.26675791
	0.59178125, 3.216456768E-03, 1.68701128
	0.60178125, 3.270808891E-03, 1.09946785
	0.61178125, 3.325161015E-03, 0.504728972
	0.62178125, 3.379513139E-03, -9.656326739E-02
	0.63178125, 3.433865262E-03, -0.703717999
	0.64178125, 3.488217386E-03, -1.31598641
	0.65178125, 3.542569509E-03, -1.93255095
	0.66178125, 3.596921633E-03, -2.5525129
	0.67178125, 3.651273757E-03, -3.17487776
	0.68178125, 3.70562588E-03, -3.79853815
	0.69178125, 3.759978004E-03, -4.42225361
	0.70178125, 3.814330128E-03, -5.04462728
	0.71178125, 3.868682251E-03, -5.66407817
	0.72178125, 3.923034375E-03, -6.27880902
	0.73178125, 3.977386499E-03, -6.88676822
	0.74178125, 4.031738622E-03, -7.4856068
	0.75178125, 4.086090746E-03, -8.07262758
	0.76178125, 4.14044287E-03, -8.64472796
	0.77178125, 4.194794993E-03, -9.19833625
	0.78178125, 4.249147117E-03, -9.72934088
	0.79178125, 4.303499241E-03, -10.2330163
	0.80178125, 4.357851364E-03, -10.7039494
	0.81178125, 4.412203488E-03, -11.1359689
	0.82178125, 4.466555612E-03, -11.5220938
	0.83178125, 4.520907735E-03, -11.8545049
	0.84178125, 4.575259859E-03, -12.1245624
	0.85178125, 4.629611983E-03, -12.3228809
	0.86178125, 4.683964106E-03, -12.4394805
	0.87178125, 4.73831623E-03, -12.4640212
	0.88178125, 4.792668353E-03, -12.3861156
	0.89178125, 4.847020477E-03, -12.1957012
	0.90178125, 4.901372601E-03, -11.8834293
	0.91178125, 4.955724724E-03, -11.4410227
	0.92178125, 5.010076848E-03, -10.8615475
	0.93178125, 5.064428972E-03, -10.1395626
	0.94178125, 5.118781095E-03, -9.27113169
	0.95178125, 5.173133219E-03, -8.25371137
	0.96178125, 5.227485343E-03, -7.08594451
	0.97178125, 5.281837466E-03, -5.76740491
	0.98178125, 5.33618959E-03, -4.2983302
	0.99178125, 5.390541714E-03, -2.67937348
	1, 5.435212365E-03, -1.23705043
