	5.E-03, 4.E-04, 2.5E-03, 2.5E-03, 3.E-03, 1.E-02, 5.E-03, 5.E-03, 2.E-03, 3.5E-02, 4.E-03, 8.726666667E-02, 0.2618, 8.726666667E-02, 0.349066667
	1.E-03, 6.533377285E-06, 0.263393821
	2.E-03, 1.306675457E-05, 0.524847055
	3.5E-03, 2.28668205E-05, 0.913400846
	5.75E-03, 3.756691939E-05, 1.48811182
	9.125E-03, 5.961706773E-05, 2.33204207
	1.41875E-02, 9.269229024E-05, 3.55758815
	2.178125E-02, 1.42305124E-04, 5.30670868
	3.178125E-02, 2.076388969E-04, 7.45105252
	4.178125E-02, 2.729726697E-04, 9.42078075
	5.178125E-02, 3.383064426E-04, 11.2228666
	6.178125E-02, 4.036402154E-04, 12.8645234
	7.178125E-02, 4.689739883E-04, 14.3531471
	8.178125E-02, 5.343077611E-04, 15.6962395
	9.178125E-02, 5.99641534E-04, 16.9013305
	0.10178125, 6.649753068E-04, 17.9758977
	0.11178125, 7.303090797E-04, 18.9272932
	0.12178125, 7.956428525E-04, 19.7626758
	0.13178125, 8.609766254E-04, 20.4889534
	0.14178125, 9.263103982E-04, 21.1127372
	0.15178125, 9.916441711E-04, 21.6403066
	0.16178125, 1.056977944E-03, 22.0775851
	0.17178125, 1.122311717E-03, 22.430532
	0.18178125, 1.18764549E-03, 22.7030788
	0.19178125, 1.252979263E-03, 22.9016679
	0.20178125, 1.318313035E-03, 23.0291415
	0.21178125, 1.383646808E-03, 23.0909858
	0.22178125, 1.448980581E-03, 23.0896806
	0.23178125, 1.514314354E-03, 23.0294302
	0.24178125, 1.579648127E-03, 22.9127571
	0.25178125, 1.6449819E-03, 22.742011
	0.26178125, 1.710315672E-03, 22.5203955
	0.27178125, 1.775649445E-03, 22.2471758
	0.28178125, 1.840983218E-03, 21.9273769
	0.29178125, 1.906316991E-03, 21.5546568
	0.30178125, 1.971650764E-03, 21.1379358
	0.31178125, 2.036984537E-03, 20.6798185
	0.32178125, 2.10231831E-03, 20.1395738
	0.33178125, 2.167652082E-03, 19.5515464
	0.34178125, 2.232985855E-03, 18.9188872
	0.35178125, 2.298319628E-03, 18.2439263
	0.36178125, 2.363653401E-03, 17.5293358
	0.37178125, 2.428987174E-03, 16.8963006
	0.38178125, 2.494320947E-03, 16.1608642
	0.39178125, 2.55965472E-03, 15.3928656
	0.40178125, 2.624988492E-03, 14.5936274
	0.41178125, 2.690322265E-03, 13.7641202
	0.42178125, 2.755656038E-03, 12.9053785
	0.43178125, 2.820989811E-03, 12.0644702
	0.44178125, 2.886323584E-03, 11.167115
	0.45178125, 2.951657357E-03, 10.2399548
	0.46178125, 3.01699113E-03, 9.2792209
	0.47178125, 3.082324902E-03, 8.28162857
	0.48178125, 3.147658675E-03, 7.25310662
	0.49178125, 3.212992448E-03, 6.17712154
	0.50178125, 3.278326221E-03, 5.08732778
	0.51178125, 3.343659994E-03, 4.00457714
	0.52178125, 3.408993767E-03, 2.92053558
	0.53178125, 3.47432754E-03, 1.85875425
	0.54178125, 3.539661312E-03, 0.7976507
	0.55178125, 3.604995085E-03, -0.261075193
	0.56178125, 3.670328858E-03, -1.32180058
	0.57178125, 3.735662631E-03, -2.38911431
	0.58178125, 3.800996404E-03, -3.46718405
	0.59178125, 3.866330177E-03, -4.56067533
	0.60178125, 3.93166395E-03, -5.67475009
	0.61178125, 3.996997722E-03, -6.81561082
	0.62178125, 4.062331495E-03, -7.99110166
	0.63178125, 4.127665268E-03, -9.18112089
	0.64178125, 4.192999041E-03, -10.4859834
	0.65178125, 4.258332814E-03, -11.8017538
	0.66178125, 4.323666587E-03, -13.2078072
	0.67178125, 4.389000359E-03, -14.6394386
	0.68178125, 4.454334132E-03, -16.1258277
	0.69178125, 4.519667905E-03, -17.6929865
	0.70178125, 4.585001678E-03, -19.4042468
	0.71178125, 4.650335451E-03, -21.4613418
	0.72178125, 4.715669224E-03, -23.1919223
	0.72928125, 4.764669553E-03, -24.2061105
	0.73678125, 4.813669883E-03, -25.047748
	0.74678125, 4.879003656E-03, -25.8241773
	0.75678125, 4.944337429E-03, -26.034776
	0.76678125, 5.009671202E-03, -25.9270352
	0.77678125, 5.075004974E-03, -25.5880889
	0.78678125, 5.140338747E-03, -25.0627417
	0.79678125, 5.20567252E-03, -24.3730284
	0.80678125, 5.271006293E-03, -23.529881
	0.81678125, 5.336340066E-03, -22.5383814
	0.82678125, 5.401673839E-03, -21.4003199
	0.83678125, 5.467007612E-03, -20.1155581
	0.84678125, 5.532341384E-03, -18.6828144
	0.85678125, 5.597675157E-03, -17.0999878
	0.86678125, 5.66300893E-03, -15.3648449
	0.87678125, 5.728342703E-03, -13.474534
	0.88678125, 5.793676476E-03, -11.4260904
	0.89678125, 5.859010249E-03, -9.21638907
	0.90678125, 5.924344022E-03, -6.84218965
	0.91678125, 5.989677794E-03, -4.30015971
	0.92678125, 6.055011567E-03, -1.58689053
	0.93678125, 6.12034534E-03, 1.30109249
	0.94678125, 6.185679113E-03, 4.36732258
	0.95678125, 6.251012886E-03, 7.61538726
	0.96678125, 6.316346659E-03, 11.048925
	0.97678125, 6.381680432E-03, 14.671624
	0.98678125, 6.447014204E-03, 18.487221
	0.993390625, 6.490195745E-03, 21.1167993
	1, 6.533377285E-03, 23.833409
