	5.E-03, 4.E-04, 2.5E-03, 2.5E-03, 3.E-03, 1.E-02, 5.E-03, 5.E-03, 2.E-03, 3.5E-02, 4.E-03, 6.981333333E-02, 0.2618, 6.981333333E-02, 0.349066667
	1.E-03, 6.314145986E-06, 0.231227038
	2.E-03, 1.262829197E-05, 0.46076225
	3.5E-03, 2.209951095E-05, 0.801905876
	5.75E-03, 3.630633942E-05, 1.30655187
	9.125E-03, 5.761658213E-05, 2.04774729
	1.41875E-02, 8.958194618E-05, 3.12450245
	2.178125E-02, 1.375299923E-04, 4.66235367
	3.178125E-02, 2.006714521E-04, 6.55014423
	4.178125E-02, 2.63812912E-04, 8.28761422
	5.178125E-02, 3.269543719E-04, 9.88120528
	6.178125E-02, 3.900958317E-04, 11.3374254
	7.178125E-02, 4.532372916E-04, 12.6628078
	8.178125E-02, 5.163787515E-04, 13.863851
	9.178125E-02, 5.795202113E-04, 14.9469661
	0.10178125, 6.426616712E-04, 15.9184282
	0.11178125, 7.05803131E-04, 16.784334
	0.12178125, 7.689445909E-04, 17.5505644
	0.13178125, 8.320860508E-04, 18.2227572
	0.14178125, 8.952275106E-04, 18.8062844
	0.15178125, 9.583689705E-04, 19.3062385
	0.16178125, 1.02151043E-03, 19.7274238
	0.17178125, 1.08465189E-03, 20.0743541
	0.18178125, 1.14779335E-03, 20.3512544
	0.19178125, 1.21093481E-03, 20.5620666
	0.20178125, 1.27407627E-03, 20.7104582
	0.21178125, 1.33721773E-03, 20.7998325
	0.22178125, 1.40035919E-03, 20.8333407
	0.23178125, 1.463500649E-03, 20.8141376
	0.24178125, 1.526642109E-03, 20.7441004
	0.25178125, 1.589783569E-03, 20.6267584
	0.26178125, 1.652925029E-03, 20.4634245
	0.27178125, 1.716066489E-03, 20.2568862
	0.28178125, 1.779207949E-03, 20.008522
	0.29178125, 1.842349409E-03, 19.7202062
	0.30178125, 1.905490868E-03, 19.3935832
	0.31178125, 1.968632328E-03, 19.0293426
	0.32178125, 2.031773788E-03, 18.6297255
	0.33178125, 2.094915248E-03, 18.1965339
	0.34178125, 2.158056708E-03, 17.7238085
	0.35178125, 2.221198168E-03, 17.2187855
	0.36178125, 2.284339628E-03, 16.6830417
	0.37178125, 2.347481088E-03, 16.1172979
	0.38178125, 2.410622547E-03, 15.522283
	0.39178125, 2.473764007E-03, 14.8747686
	0.40178125, 2.536905467E-03, 14.1970343
	0.41178125, 2.600046927E-03, 13.4909084
	0.42178125, 2.663188387E-03, 12.8104857
	0.43178125, 2.726329847E-03, 12.0777109
	0.44178125, 2.789471307E-03, 11.3210586
	0.45178125, 2.852612766E-03, 10.5415157
	0.46178125, 2.915754226E-03, 9.74037384
	0.47178125, 2.978895686E-03, 8.93509783
	0.48178125, 3.042037146E-03, 8.1029411
	0.49178125, 3.105178606E-03, 7.25095764
	0.50178125, 3.168320066E-03, 6.38523557
	0.51178125, 3.231461526E-03, 5.49997501
	0.52178125, 3.294602986E-03, 4.59640612
	0.53178125, 3.357744445E-03, 3.67516098
	0.54178125, 3.420885905E-03, 2.73582056
	0.55178125, 3.484027365E-03, 1.77820957
	0.56178125, 3.547168825E-03, 0.802175186
	0.57178125, 3.610310285E-03, -0.192421584
	0.58178125, 3.673451745E-03, -1.20558305
	0.59178125, 3.736593205E-03, -2.23722691
	0.60178125, 3.799734664E-03, -3.2872027
	0.61178125, 3.862876124E-03, -4.35527496
	0.62178125, 3.926017584E-03, -5.44138703
	0.63178125, 3.989159044E-03, -6.54586977
	0.64178125, 4.052300504E-03, -7.66973713
	0.65178125, 4.115441964E-03, -8.81493636
	0.66178125, 4.178583424E-03, -9.97099239
	0.67178125, 4.241724883E-03, -11.1829718
	0.68178125, 4.304866343E-03, -12.4096065
	0.69178125, 4.368007803E-03, -13.6528228
	0.70178125, 4.431149263E-03, -15.0218693
	0.71178125, 4.494290723E-03, -16.4152309
	0.72178125, 4.557432183E-03, -17.9345197
	0.73178125, 4.620573643E-03, -19.6572829
	0.74178125, 4.683715103E-03, -21.422242
	0.75178125, 4.746856562E-03, -22.5358586
	0.76178125, 4.809998022E-03, -23.3989151
	0.77178125, 4.873139482E-03, -23.9658773
	0.78178125, 4.936280942E-03, -24.2148374
	0.79178125, 4.999422402E-03, -24.1530651
	0.80178125, 5.062563862E-03, -23.8146104
	0.81178125, 5.125705322E-03, -23.2431268
	0.82178125, 5.188846781E-03, -22.4741423
	0.83178125, 5.251988241E-03, -21.5323655
	0.84178125, 5.315129701E-03, -20.4278273
	0.85178125, 5.378271161E-03, -19.1703577
	0.86178125, 5.441412621E-03, -17.7636059
	0.87178125, 5.504554081E-03, -16.2088624
	0.88178125, 5.567695541E-03, -14.5060099
	0.89178125, 5.630837E-03, -12.6540043
	0.90178125, 5.69397846E-03, -10.6511793
	0.91178125, 5.75711992E-03, -8.49544028
	0.92178125, 5.82026138E-03, -6.18438949
	0.93178125, 5.88340284E-03, -3.71540643
	0.94178125, 5.9465443E-03, -1.08570357
	0.95178125, 6.00968576E-03, 1.7076376
	0.96178125, 6.07282722E-03, 4.66764076
	0.97178125, 6.135968679E-03, 7.79741718
	0.98178125, 6.199110139E-03, 11.1001528
	0.99178125, 6.262251599E-03, 14.5791001
	1, 6.314145986E-03, 17.5726097
