	5.E-03, 4.E-04, 2.5E-03, 2.5E-03, 3.E-03, 1.E-02, 5.E-03, 5.E-03, 2.E-03, 3.5E-02, 4.E-03, 1.745333333E-02, 0.2618, 1.745333333E-02, 0.349066667
	1.E-03, 5.655113201E-06, 0.153637158
	2.E-03, 1.13102264E-05, 0.306222637
	3.5E-03, 1.97928962E-05, 0.533138175
	5.75E-03, 3.25169009E-05, 0.869124538
	9.125E-03, 5.160290796E-05, 1.36333112
	1.41875E-02, 8.023191853E-05, 2.08297903
	2.178125E-02, 1.231754344E-04, 3.11480968
	3.178125E-02, 1.797265664E-04, 4.38920394
	4.178125E-02, 2.362776984E-04, 5.57152345
	5.178125E-02, 2.928288304E-04, 6.66585436
	6.178125E-02, 3.493799624E-04, 7.67616606
	7.178125E-02, 4.059310944E-04, 8.60631356
	8.178125E-02, 4.624822264E-04, 9.46002058
	9.178125E-02, 5.190333584E-04, 10.2408719
	0.10178125, 5.755844904E-04, 10.9523074
	0.11178125, 6.321356225E-04, 11.5976188
	0.12178125, 6.886867545E-04, 12.1799479
	0.13178125, 7.452378865E-04, 12.7022865
	0.14178125, 8.017890185E-04, 13.1674776
	0.15178125, 8.583401505E-04, 13.5782178
	0.16178125, 9.148912825E-04, 13.9370613
	0.17178125, 9.714424145E-04, 14.2464235
	0.18178125, 1.027993546E-03, 14.5085863
	0.19178125, 1.084544678E-03, 14.7257035
	0.20178125, 1.141095811E-03, 14.8998063
	0.21178125, 1.197646943E-03, 15.032809
	0.22178125, 1.254198075E-03, 15.1265155
	0.23178125, 1.310749207E-03, 15.1826245
	0.24178125, 1.367300339E-03, 15.2027359
	0.25178125, 1.423851471E-03, 15.1883564
	0.26178125, 1.480402603E-03, 15.1409051
	0.27178125, 1.536953735E-03, 15.0617187
	0.28178125, 1.593504867E-03, 14.952057
	0.29178125, 1.650055999E-03, 14.8131079
	0.30178125, 1.706607131E-03, 14.6459917
	0.31178125, 1.763158263E-03, 14.4517659
	0.32178125, 1.819709395E-03, 14.2314295
	0.33178125, 1.876260527E-03, 13.985927
	0.34178125, 1.932811659E-03, 13.7161521
	0.35178125, 1.989362791E-03, 13.4229515
	0.36178125, 2.045913923E-03, 13.1071278
	0.37178125, 2.102465055E-03, 12.7694437
	0.38178125, 2.159016187E-03, 12.4106241
	0.39178125, 2.215567319E-03, 12.0313593
	0.40178125, 2.272118451E-03, 11.6323081
	0.41178125, 2.328669583E-03, 11.2140996
	0.42178125, 2.385220715E-03, 10.7773367
	0.43178125, 2.441771847E-03, 10.3225975
	0.44178125, 2.498322979E-03, 9.85043812
	0.45178125, 2.554874111E-03, 9.36139498
	0.46178125, 2.611425243E-03, 8.85598657
	0.47178125, 2.667976375E-03, 8.33471593
	0.48178125, 2.724527507E-03, 7.79807246
	0.49178125, 2.781078639E-03, 7.24653432
	0.50178125, 2.837629771E-03, 6.68057035
	0.51178125, 2.894180903E-03, 6.10064266
	0.52178125, 2.950732035E-03, 5.50720891
	0.53178125, 3.007283167E-03, 4.90072499
	0.54178125, 3.063834299E-03, 4.28164799
	0.55178125, 3.120385431E-03, 3.65043957
	0.56178125, 3.176936563E-03, 3.00757005
	0.57178125, 3.233487695E-03, 2.35352246
	0.58178125, 3.290038827E-03, 1.68879785
	0.59178125, 3.346589959E-03, 1.01392165
	0.60178125, 3.403141091E-03, 0.329450483
	0.61178125, 3.459692223E-03, -0.364019259
	0.62178125, 3.516243355E-03, -1.06584123
	0.63178125, 3.572794487E-03, -1.7753071
	0.64178125, 3.629345619E-03, -2.49163222
	0.65178125, 3.685896751E-03, -3.21393829
	0.66178125, 3.742447883E-03, -3.94123224
	0.67178125, 3.798999015E-03, -4.67238116
	0.68178125, 3.855550147E-03, -5.40608147
	0.69178125, 3.912101279E-03, -6.14082184
	0.70178125, 3.968652411E-03, -6.87483776
	0.71178125, 4.025203543E-03, -7.60605687
	0.72178125, 4.081754675E-03, -8.33203204
	0.73178125, 4.138305807E-03, -9.04986093
	0.74178125, 4.194856939E-03, -9.75608972
	0.75178125, 4.251408071E-03, -10.4465999
	0.76178125, 4.307959203E-03, -11.1164755
	0.77178125, 4.364510335E-03, -11.759858
	0.78178125, 4.421061467E-03, -12.369789
	0.79178125, 4.477612599E-03, -12.9380608
	0.80178125, 4.534163731E-03, -13.4550929
	0.81178125, 4.590714863E-03, -13.9098777
	0.82178125, 4.647265995E-03, -14.2900359
	0.83178125, 4.703817127E-03, -14.5820416
	0.84178125, 4.760368259E-03, -14.7716523
	0.85178125, 4.816919391E-03, -14.8445526
	0.86178125, 4.873470523E-03, -14.7871475
	0.87178125, 4.930021655E-03, -14.587385
	0.88178125, 4.986572787E-03, -14.2354409
	0.89178125, 5.043123919E-03, -13.7241236
	0.90178125, 5.099675051E-03, -13.0489293
	0.91178125, 5.156226183E-03, -12.2077774
	0.92178125, 5.212777315E-03, -11.2005254
	0.93178125, 5.269328447E-03, -10.0283951
	0.94178125, 5.325879579E-03, -8.69341892
	0.95178125, 5.382430711E-03, -7.19797656
	0.96178125, 5.438981843E-03, -5.54445197
	0.97178125, 5.495532975E-03, -3.73500447
	0.98178125, 5.552084107E-03, -1.77143534
	0.99178125, 5.608635239E-03, 0.344874126
	1, 5.655113201E-03, 2.19798839
