	5.E-03, 4.E-04, 2.5E-03, 2.5E-03, 3.E-03, 1.E-02, 5.E-03, 5.E-03, 2.E-03, 3.5E-02, 4.E-03, 0.15708, 0.2618, 0.15708, 0.349066667
	1.E-03, 7.406291196E-06, 0.424141912
	2.E-03, 1.481258239E-05, 0.84535698
	3.5E-03, 2.592201919E-05, 1.47169881
	5.75E-03, 4.258617438E-05, 2.39890183
	9.125E-03, 6.758240716E-05, 3.7620828
	1.41875E-02, 1.050767563E-04, 5.74494585
	2.178125E-02, 1.613182801E-04, 8.58076877
	3.178125E-02, 2.353811921E-04, 12.0638351
	4.178125E-02, 3.09444104E-04, 15.2641813
	5.178125E-02, 3.83507016E-04, 18.1854255
	6.178125E-02, 4.57569928E-04, 20.8318268
	7.178125E-02, 5.316328399E-04, 23.2085718
	8.178125E-02, 6.056957519E-04, 25.3221104
	9.178125E-02, 6.797586638E-04, 27.180444
	0.10178125, 7.538215758E-04, 28.7932464
	0.11178125, 8.278844878E-04, 30.171764
	0.12178125, 9.019473997E-04, 31.328387
	0.13178125, 9.760103117E-04, 32.2758475
	0.14178125, 1.050073224E-03, 33.0255479
	0.15178125, 1.124136136E-03, 33.5841418
	0.16178125, 1.198199048E-03, 33.9446671
	0.17178125, 1.27226196E-03, 34.0684041
	0.18178125, 1.346324871E-03, 33.9051211
	0.19178125, 1.420387783E-03, 33.4783787
	0.20178125, 1.494450695E-03, 32.8231289
	0.21178125, 1.568513607E-03, 31.9585694
	0.22178125, 1.642576519E-03, 30.8377976
	0.23178125, 1.716639431E-03, 29.4202906
	0.24178125, 1.790702343E-03, 27.8603756
	0.25178125, 1.864765255E-03, 26.3601326
	0.26178125, 1.938828167E-03, 24.9597072
	0.27178125, 2.012891079E-03, 23.5261697
	0.28178125, 2.086953991E-03, 22.3800891
	0.29178125, 2.161016903E-03, 21.182044
	0.30178125, 2.235079815E-03, 19.9509094
	0.31178125, 2.309142727E-03, 18.6971868
	0.32178125, 2.383205639E-03, 17.535416
	0.33178125, 2.457268551E-03, 16.3106093
	0.34178125, 2.531331463E-03, 14.9430895
	0.35178125, 2.605394375E-03, 13.6103119
	0.36178125, 2.679457287E-03, 12.3025893
	0.37178125, 2.753520199E-03, 11.0239633
	0.38178125, 2.827583111E-03, 9.76715148
	0.39178125, 2.901646023E-03, 8.5242724
	0.40178125, 2.975708935E-03, 7.28852125
	0.41178125, 3.049771847E-03, 6.05414026
	0.42178125, 3.123834759E-03, 4.81647613
	0.43178125, 3.197897671E-03, 3.57257233
	0.44178125, 3.271960582E-03, 2.32331696
	0.45178125, 3.346023494E-03, 1.07496775
	0.46178125, 3.420086406E-03, -0.162468062
	0.47178125, 3.494149318E-03, -1.38285695
	0.48178125, 3.56821223E-03, -2.58874512
	0.49178125, 3.642275142E-03, -3.78954224
	0.50178125, 3.716338054E-03, -4.99784066
	0.51178125, 3.790400966E-03, -6.2288039
	0.52178125, 3.864463878E-03, -7.45075253
	0.53178125, 3.93852679E-03, -8.84998954
	0.54178125, 4.012589702E-03, -10.2469604
	0.55178125, 4.086652614E-03, -12.1890752
	0.56178125, 4.160715526E-03, -15.008574
	0.56928125, 4.21626271E-03, -15.9934818
	0.57678125, 4.271809894E-03, -16.8730857
	0.58678125, 4.345872806E-03, -17.9217406
	0.59178125, 4.382904262E-03, -18.4026646
	0.59678125, 4.419935718E-03, -18.8560852
	0.59865625, 4.433822514E-03, -17.3063245
	0.599359375, 4.439030062E-03, -17.323889
	0.6000625, 4.444237611E-03, -17.4542007
	0.601117188, 4.452048934E-03, -17.5496024
	0.602699219, 4.463765918E-03, -17.6929025
	0.605072266, 4.481341394E-03, -17.9050661
	0.608631836, 4.507704608E-03, -18.2154773
	0.613971191, 4.54724943E-03, -18.6629105
	0.621980225, 4.606566662E-03, -19.2933304
	0.631980225, 4.680629574E-03, -20.0119356
	0.641980225, 4.754692486E-03, -20.6529891
	0.651980225, 4.828755398E-03, -21.21451
	0.661980225, 4.902818309E-03, -21.6934597
	0.671980225, 4.976881221E-03, -22.0853914
	0.681980225, 5.050944133E-03, -22.3845728
	0.691980225, 5.125007045E-03, -22.583831
	0.701980225, 5.199069957E-03, -22.6744149
	0.711980225, 5.273132869E-03, -22.5792498
	0.721980225, 5.347195781E-03, -22.4353417
	0.731980225, 5.421258693E-03, -22.1942551
	0.741980225, 5.495321605E-03, -21.8473431
	0.751980225, 5.569384517E-03, -21.3846618
	0.761980225, 5.643447429E-03, -20.8006383
	0.771980225, 5.717510341E-03, -20.086531
	0.781980225, 5.791573253E-03, -19.2329717
	0.791980225, 5.865636165E-03, -18.2300816
	0.801980225, 5.939699077E-03, -17.0676444
	0.811980225, 6.013761989E-03, -15.7352427
	0.821980225, 6.087824901E-03, -14.2224319
	0.831980225, 6.161887813E-03, -12.5189111
	0.841980225, 6.235950725E-03, -10.6146841
	0.851980225, 6.310013637E-03, -8.49994347
	0.861980225, 6.384076549E-03, -6.16645615
	0.871980225, 6.458139461E-03, -3.60493967
	0.881980225, 6.532202373E-03, -0.808308156
	0.891980225, 6.606265285E-03, 2.23095458
	0.901980225, 6.680328197E-03, 5.51925885
	0.911980225, 6.754391109E-03, 9.06256587
	0.921980225, 6.82845402E-03, 12.8666236
	0.931980225, 6.902516932E-03, 16.9367199
	0.941980225, 6.976579844E-03, 21.2779336
	0.951980225, 7.050642756E-03, 25.8952045
	0.961980225, 7.124705668E-03, 30.7933955
	0.971980225, 7.19876858E-03, 35.9773519
	0.981980225, 7.272831492E-03, 41.4519472
	0.991980225, 7.346894404E-03, 47.2221176
	1, 7.406291196E-03, 52.0667195
