	5.E-03, 4.E-04, 2.5E-03, 2.5E-03, 3.E-03, 1.E-02, 5.E-03, 5.E-03, 2.E-03, 3.5E-02, 4.E-03, 0.10472, 0.2618, 0.10472, 0.349066667
	1.E-03, 6.752274071E-06, 0.298892053
	2.E-03, 1.350454814E-05, 0.595586768
	3.5E-03, 2.363295925E-05, 1.03652051
	5.75E-03, 3.882557591E-05, 1.6887138
	9.125E-03, 6.16145009E-05, 2.64641168
	1.41875E-02, 9.579788838E-05, 4.03705812
	2.178125E-02, 1.470729696E-04, 6.02126562
	3.178125E-02, 2.145957103E-04, 8.45206109
	4.178125E-02, 2.82118451E-04, 10.6818885
	5.178125E-02, 3.496411917E-04, 12.7178622
	6.178125E-02, 4.171639325E-04, 14.5675726
	7.178125E-02, 4.846866732E-04, 16.2390323
	8.178125E-02, 5.522094139E-04, 17.7405969
	9.178125E-02, 6.197321546E-04, 19.0808664
	0.10178125, 6.872548953E-04, 20.2685701
	0.11178125, 7.54777636E-04, 21.3124481
	0.12178125, 8.223003767E-04, 22.2211348
	0.13178125, 8.898231174E-04, 23.0034896
	0.14178125, 9.573458581E-04, 23.6667691
	0.15178125, 1.024868599E-03, 24.2191116
	0.16178125, 1.09239134E-03, 24.6678008
	0.17178125, 1.15991408E-03, 25.0196285
	0.18178125, 1.227436821E-03, 25.280856
	0.19178125, 1.294959562E-03, 25.4571717
	0.20178125, 1.362482302E-03, 25.5536643
	0.21178125, 1.430005043E-03, 25.5747144
	0.22178125, 1.497527784E-03, 25.5238725
	0.23178125, 1.565050525E-03, 25.4069433
	0.24178125, 1.632573265E-03, 25.2147235
	0.25178125, 1.700096006E-03, 24.9608906
	0.26178125, 1.767618747E-03, 24.6499874
	0.27178125, 1.835141487E-03, 24.2084627
	0.28178125, 1.902664228E-03, 23.6924709
	0.29178125, 1.970186969E-03, 23.1076257
	0.30178125, 2.03770971E-03, 22.4577411
	0.31178125, 2.10523245E-03, 21.7468223
	0.32178125, 2.172755191E-03, 21.1715806
	0.33178125, 2.240277932E-03, 20.4380224
	0.34178125, 2.307800672E-03, 19.6532806
	0.35178125, 2.375323413E-03, 18.8293446
	0.36178125, 2.442846154E-03, 17.9613187
	0.37178125, 2.510368894E-03, 17.0418844
	0.38178125, 2.577891635E-03, 16.0583359
	0.39178125, 2.645414376E-03, 14.9958831
	0.40178125, 2.712937117E-03, 13.8818114
	0.41178125, 2.780459857E-03, 12.6730382
	0.42178125, 2.847982598E-03, 11.507594
	0.43178125, 2.915505339E-03, 10.3373578
	0.44178125, 2.983028079E-03, 9.28091157
	0.45178125, 3.05055082E-03, 8.212933
	0.46178125, 3.118073561E-03, 7.15797671
	0.47178125, 3.185596302E-03, 6.11592491
	0.48178125, 3.253119042E-03, 5.07887852
	0.49178125, 3.320641783E-03, 4.04168908
	0.50178125, 3.388164524E-03, 2.99938987
	0.51178125, 3.455687264E-03, 1.94670094
	0.52178125, 3.523210005E-03, 0.877355259
	0.53178125, 3.590732746E-03, -0.216831948
	0.54178125, 3.658255487E-03, -1.34741557
	0.55178125, 3.725778227E-03, -2.52913029
	0.56178125, 3.793300968E-03, -3.77070089
	0.57178125, 3.860823709E-03, -5.0547047
	0.58178125, 3.928346449E-03, -6.3501355
	0.59178125, 3.99586919E-03, -7.64287576
	0.60178125, 4.063391931E-03, -8.94223287
	0.61178125, 4.130914672E-03, -10.2420952
	0.62178125, 4.198437412E-03, -11.5388161
	0.63178125, 4.265960153E-03, -12.9486934
	0.64178125, 4.333482894E-03, -14.3549412
	0.65178125, 4.401005634E-03, -15.7600304
	0.66178125, 4.468528375E-03, -17.4548427
	0.67178125, 4.536051116E-03, -19.2961768
	0.68178125, 4.603573857E-03, -21.8572552
	0.68428125, 4.620454542E-03, -22.4540208
	0.68678125, 4.637335227E-03, -21.5937307
	0.68803125, 4.645775569E-03, -21.7546165
	0.68928125, 4.654215912E-03, -21.9334813
	0.69115625, 4.666876426E-03, -22.1934119
	0.69396875, 4.685867197E-03, -22.5678659
	0.6981875, 4.714353353E-03, -23.0970091
	0.704515625, 4.757082587E-03, -23.8135109
	0.714007813, 4.821176439E-03, -24.6972504
	0.724007813, 4.88869918E-03, -25.1757057
	0.734007813, 4.95622192E-03, -25.4798961
	0.744007813, 5.023744661E-03, -25.6010908
	0.754007813, 5.091267402E-03, -25.464847
	0.764007813, 5.158790142E-03, -25.1549436
	0.774007813, 5.226312883E-03, -24.6912056
	0.784007813, 5.293835624E-03, -24.0809846
	0.794007813, 5.361358365E-03, -23.3243494
	0.804007813, 5.428881105E-03, -22.418867
	0.814007813, 5.496403846E-03, -21.3611999
	0.824007813, 5.563926587E-03, -20.1477191
	0.834007813, 5.631449327E-03, -18.7747874
	0.844007813, 5.698972068E-03, -17.2388273
	0.854007813, 5.766494809E-03, -15.536344
	0.864007813, 5.83401755E-03, -13.6639074
	0.874007813, 5.90154029E-03, -11.6179549
	0.884007813, 5.969063031E-03, -9.39545651
	0.894007813, 6.036585772E-03, -6.99281596
	0.904007813, 6.104108512E-03, -4.4065974
	0.914007813, 6.171631253E-03, -1.63330518
	0.924007813, 6.239153994E-03, 1.33061543
	0.934007813, 6.306676735E-03, 4.48878686
	0.944007813, 6.374199475E-03, 7.84490266
	0.954007813, 6.441722216E-03, 11.40273
	0.964007813, 6.509244957E-03, 15.1661093
	0.974007813, 6.576767697E-03, 19.1389552
	0.984007813, 6.644290438E-03, 23.325257
	0.994007813, 6.711813179E-03, 27.7290747
	1, 6.752274071E-03, 30.4738683
