	5.E-03, 4.E-04, 2.5E-03, 2.5E-03, 3.E-03, 1.E-02, 5.E-03, 5.E-03, 2.E-03, 3.5E-02, 4.E-03, 0.139626667, 0.2618, 0.139626667, 0.349066667
	1.E-03, 7.188797511E-06, 0.379553896
	2.E-03, 1.437759502E-05, 0.756409514
	3.5E-03, 2.516079129E-05, 1.31664176
	5.75E-03, 4.133558569E-05, 2.14565095
	9.125E-03, 6.559777729E-05, 3.36373959
	1.41875E-02, 1.019910647E-04, 5.13396948
	2.178125E-02, 1.565809958E-04, 7.66234659
	3.178125E-02, 2.284689709E-04, 10.7623964
	4.178125E-02, 3.00356946E-04, 13.6059611
	5.178125E-02, 3.722449211E-04, 16.1985
	6.178125E-02, 4.441328962E-04, 18.5463335
	7.178125E-02, 5.160208714E-04, 20.6568881
	8.178125E-02, 5.879088465E-04, 22.5383516
	9.178125E-02, 6.597968216E-04, 24.2002796
	0.10178125, 7.316847967E-04, 25.6531458
	0.11178125, 8.035727718E-04, 26.90823
	0.12178125, 8.754607469E-04, 27.9773346
	0.13178125, 9.47348722E-04, 28.8724257
	0.14178125, 1.019236697E-03, 29.6051898
	0.15178125, 1.091124672E-03, 30.1865466
	0.16178125, 1.163012647E-03, 30.6258118
	0.17178125, 1.234900622E-03, 30.9293256
	0.18178125, 1.306788598E-03, 31.0974063
	0.19178125, 1.378676573E-03, 31.1517094
	0.20178125, 1.450564548E-03, 30.9540335
	0.21178125, 1.522452523E-03, 30.6362201
	0.22178125, 1.594340498E-03, 30.1348912
	0.23178125, 1.666228473E-03, 29.5094759
	0.24178125, 1.738116448E-03, 28.7698827
	0.25178125, 1.810004423E-03, 27.9128272
	0.26178125, 1.881892399E-03, 26.9078895
	0.27178125, 1.953780374E-03, 25.7041554
	0.28178125, 2.025668349E-03, 24.3162094
	0.29178125, 2.097556324E-03, 22.8987938
	0.30178125, 2.169444299E-03, 21.5546916
	0.31178125, 2.241332274E-03, 20.2894343
	0.32178125, 2.313220249E-03, 19.0094266
	0.33178125, 2.385108224E-03, 17.9260511
	0.34178125, 2.456996199E-03, 16.8099742
	0.35178125, 2.528884175E-03, 15.6777725
	0.36178125, 2.60077215E-03, 14.5854481
	0.37178125, 2.672660125E-03, 13.4688969
	0.38178125, 2.7445481E-03, 12.365602
	0.39178125, 2.816436075E-03, 11.2248794
	0.40178125, 2.88832405E-03, 10.0023923
	0.41178125, 2.960212025E-03, 8.72419686
	0.42178125, 3.0321E-03, 7.42795571
	0.43178125, 3.103987975E-03, 6.15363976
	0.44178125, 3.175875951E-03, 4.90532108
	0.45178125, 3.247763926E-03, 3.67290109
	0.46178125, 3.319651901E-03, 2.44968518
	0.47178125, 3.391539876E-03, 1.22886436
	0.48178125, 3.463427851E-03, 4.880652878E-03
	0.49178125, 3.535315826E-03, -1.22650796
	0.50178125, 3.607203801E-03, -2.46844074
	0.51178125, 3.679091776E-03, -3.72187924
	0.52178125, 3.750979751E-03, -4.98508945
	0.53178125, 3.822867727E-03, -6.25476219
	0.54178125, 3.894755702E-03, -7.53022576
	0.55178125, 3.966643677E-03, -8.78321739
	0.56178125, 4.038531652E-03, -10.1345491
	0.57178125, 4.110419627E-03, -11.472142
	0.58178125, 4.182307602E-03, -12.7987158
	0.59178125, 4.254195577E-03, -14.6965078
	0.60178125, 4.326083552E-03, -17.7490174
	0.61178125, 4.397971527E-03, -19.4324707
	0.62178125, 4.469859503E-03, -20.8610373
	0.62428125, 4.487831496E-03, -20.9357259
	0.62678125, 4.50580349E-03, -20.9314386
	0.62740625, 4.510296489E-03, -21.2347656
	0.62771875, 4.512542988E-03, -21.3491624
	0.627875, 4.513666237E-03, -19.0715396
	0.627992188, 4.514508675E-03, -19.1102223
	0.628109375, 4.515351112E-03, -19.0956113
	0.628285156, 4.516614768E-03, -19.1140771
	0.628548828, 4.518510251E-03, -19.1413073
	0.628944336, 4.521353477E-03, -19.1819353
	0.629537598, 4.525618315E-03, -19.2424658
	0.63042749, 4.532015573E-03, -19.3323374
	0.631762329, 4.541611459E-03, -19.4651432
	0.633764587, 4.556005289E-03, -19.6600528
	0.636767975, 4.577596033E-03, -19.9432085
	0.641273056, 4.609982149E-03, -20.3482136
	0.648030678, 4.658561324E-03, -20.913339
	0.658030678, 4.730449299E-03, -21.6595932
	0.668030678, 4.802337274E-03, -22.2982672
	0.678030678, 4.874225249E-03, -22.8272881
	0.688030678, 4.946113224E-03, -23.2437465
	0.698030678, 5.018001199E-03, -23.5416683
	0.708030678, 5.089889174E-03, -23.7124603
	0.718030678, 5.16177715E-03, -23.6420488
	0.728030678, 5.233665125E-03, -23.5429012
	0.738030678, 5.3055531E-03, -23.3265567
	0.748030678, 5.377441075E-03, -22.9979371
	0.758030678, 5.44932905E-03, -22.5512346
	0.768030678, 5.521217025E-03, -21.9795107
	0.778030678, 5.593105E-03, -21.2747634
	0.788030678, 5.664992975E-03, -20.4283871
	0.798030678, 5.736880951E-03, -19.4314449
	0.808030678, 5.808768926E-03, -18.2748719
	0.818030678, 5.880656901E-03, -16.9496967
	0.828030678, 5.952544876E-03, -15.4471913
	0.838030678, 6.024432851E-03, -13.7590149
	0.848030678, 6.096320826E-03, -11.8773148
	0.858030678, 6.168208801E-03, -9.7947835
	0.868030678, 6.240096776E-03, -7.50449784
	0.878030678, 6.311984751E-03, -5.00066091
	0.888030678, 6.383872727E-03, -2.27732403
	0.898030678, 6.455760702E-03, 0.670798428
	0.908030678, 6.527648677E-03, 3.84865077
	0.918030678, 6.599536652E-03, 7.26096849
	0.928030678, 6.671424627E-03, 10.912231
	0.938030678, 6.743312602E-03, 14.8068697
	0.948030678, 6.815200577E-03, 18.949243
	0.958030678, 6.887088552E-03, 23.3437119
	0.968030678, 6.958976527E-03, 27.9946726
	0.978030678, 7.030864503E-03, 32.9065845
	0.988030678, 7.102752478E-03, 38.0839896
	0.994015339, 7.145774995E-03, 41.3115006
	1, 7.188797511E-03, 44.6366954
