	5.E-03, 4.E-04, 2.5E-03, 2.5E-03, 3.E-03, 1.E-02, 5.E-03, 5.E-03, 2.E-03, 3.5E-02, 4.E-03, 0.122173333, 0.2618, 0.122173333, 0.349066667
	1.E-03, 6.970769665E-06, 0.337677166
	2.E-03, 1.394153933E-05, 0.672901334
	3.5E-03, 2.439769383E-05, 1.17114841
	5.75E-03, 4.008192557E-05, 1.90822477
	9.125E-03, 6.360827319E-05, 2.99078537
	1.41875E-02, 9.889779462E-05, 4.56313041
	2.178125E-02, 1.518320768E-04, 6.80710988
	3.178125E-02, 2.215397734E-04, 9.55614171
	4.178125E-02, 2.912474701E-04, 12.076513
	5.178125E-02, 3.609551667E-04, 14.3748827
	6.178125E-02, 4.306628634E-04, 16.458637
	7.178125E-02, 5.0037056E-04, 18.3358848
	8.178125E-02, 5.700782567E-04, 20.0154242
	9.178125E-02, 6.397859533E-04, 21.5066517
	0.10178125, 7.0949365E-04, 22.8197687
	0.11178125, 7.792013466E-04, 23.964298
	0.12178125, 8.489090433E-04, 24.9507792
	0.13178125, 9.186167399E-04, 25.7893769
	0.14178125, 9.883244366E-04, 26.4899779
	0.15178125, 1.058032133E-03, 27.0620155
	0.16178125, 1.12773983E-03, 27.5142915
	0.17178125, 1.197447527E-03, 27.8548228
	0.18178125, 1.267155223E-03, 28.0905559
	0.19178125, 1.33686292E-03, 28.2269888
	0.20178125, 1.406570616E-03, 28.267391
	0.21178125, 1.476278313E-03, 28.2229851
	0.22178125, 1.54598601E-03, 28.0513254
	0.23178125, 1.615693706E-03, 27.7916262
	0.24178125, 1.685401403E-03, 27.4511687
	0.25178125, 1.7551091E-03, 26.8593551
	0.26178125, 1.824816796E-03, 26.2864528
	0.27178125, 1.894524493E-03, 25.6308982
	0.28178125, 1.96423219E-03, 24.8981652
	0.29178125, 2.033939886E-03, 24.1048762
	0.30178125, 2.103647583E-03, 23.2393889
	0.31178125, 2.17335528E-03, 22.2845269
	0.32178125, 2.243062976E-03, 21.2098204
	0.33178125, 2.312770673E-03, 19.9943253
	0.34178125, 2.38247837E-03, 18.6967642
	0.35178125, 2.452186066E-03, 17.4232908
	0.36178125, 2.521893763E-03, 16.2089058
	0.37178125, 2.59160146E-03, 14.9877368
	0.38178125, 2.661309156E-03, 13.9312394
	0.39178125, 2.731016853E-03, 12.8521929
	0.40178125, 2.80072455E-03, 11.7662967
	0.41178125, 2.870432246E-03, 10.7179961
	0.42178125, 2.940139943E-03, 9.66681573
	0.43178125, 3.009847639E-03, 8.61436292
	0.44178125, 3.079555336E-03, 7.55321566
	0.45178125, 3.149263033E-03, 6.47383541
	0.46178125, 3.218970729E-03, 5.3623292
	0.47178125, 3.288678426E-03, 4.19858417
	0.48178125, 3.358386123E-03, 2.96643099
	0.49178125, 3.428093819E-03, 1.6884794
	0.50178125, 3.497801516E-03, 0.414582719
	0.51178125, 3.567509213E-03, -0.842038916
	0.52178125, 3.637216909E-03, -2.08509626
	0.53178125, 3.706924606E-03, -3.32289976
	0.54178125, 3.776632303E-03, -4.56296528
	0.55178125, 3.846339999E-03, -5.81180879
	0.56178125, 3.916047696E-03, -7.07532019
	0.57178125, 3.985755393E-03, -8.33407318
	0.58178125, 4.055463089E-03, -9.66888927
	0.59178125, 4.125170786E-03, -10.9943893
	0.60178125, 4.194878483E-03, -12.3958162
	0.61178125, 4.264586179E-03, -13.7768271
	0.62178125, 4.334293876E-03, -15.3846747
	0.63178125, 4.404001572E-03, -17.1516006
	0.64178125, 4.473709269E-03, -19.6178237
	0.65178125, 4.543416966E-03, -22.163867
	0.65678125, 4.578270814E-03, -20.4327281
	0.65928125, 4.595697738E-03, -20.6768692
	0.66178125, 4.613124662E-03, -21.0328725
	0.66553125, 4.639265049E-03, -21.4421017
	0.67115625, 4.678475628E-03, -22.0121055
	0.67959375, 4.737291497E-03, -22.7686246
	0.68959375, 4.806999194E-03, -23.5139465
	0.69959375, 4.87670689E-03, -24.0963268
	0.70959375, 4.946414587E-03, -24.5124554
	0.71959375, 5.016122284E-03, -24.7597156
	0.72959375, 5.08582998E-03, -24.6703229
	0.73959375, 5.155537677E-03, -24.5688686
	0.74959375, 5.225245374E-03, -24.3302651
	0.75959375, 5.29495307E-03, -23.9583086
	0.76959375, 5.364660767E-03, -23.4564593
	0.77959375, 5.434368464E-03, -22.8197029
	0.78959375, 5.50407616E-03, -22.0416579
	0.79959375, 5.573783857E-03, -21.1153454
	0.80959375, 5.643491554E-03, -20.033686
	0.81959375, 5.71319925E-03, -18.7897588
	0.82959375, 5.782906947E-03, -17.3769947
	0.83959375, 5.852614644E-03, -15.7892451
	0.84959375, 5.92232234E-03, -14.0208157
	0.85959375, 5.992030037E-03, -12.0664508
	0.86959375, 6.061737733E-03, -9.92110379
	0.87959375, 6.13144543E-03, -7.58063528
	0.88959375, 6.201153127E-03, -5.04054069
	0.89959375, 6.270860823E-03, -2.29673019
	0.90959375, 6.34056852E-03, 0.65477704
	0.91959375, 6.410276217E-03, 3.81789479
	0.92959375, 6.479983913E-03, 7.1965185
	0.93959375, 6.54969161E-03, 10.7945593
	0.94959375, 6.619399307E-03, 14.6159718
	0.95959375, 6.689107003E-03, 18.6647737
	0.96959375, 6.7588147E-03, 22.94506
	0.97959375, 6.828522397E-03, 27.4610095
	0.98959375, 6.898230093E-03, 32.2168913
	0.994796875, 6.934499879E-03, 34.7878371
	1, 6.970769665E-03, 37.4255005
