	5.E-03, 4.E-04, 2.5E-03, 2.5E-03, 3.E-03, 1.E-02, 5.E-03, 5.E-03, 2.E-03, 3.5E-02, 4.E-03, 3.490666667E-02, 0.2618, 3.490666667E-02, 0.349066667
	1.E-03, 5.874947052E-06, 0.17652582
	2.E-03, 1.17498941E-05, 0.351808033
	3.5E-03, 2.056231468E-05, 0.612410474
	5.75E-03, 3.378094555E-05, 0.998125487
	9.125E-03, 5.360889185E-05, 1.5651359
	1.41875E-02, 8.335081129E-05, 2.39001604
	2.178125E-02, 1.279636905E-04, 3.57093596
	3.178125E-02, 1.86713161E-04, 5.02611718
	4.178125E-02, 2.454626315E-04, 6.37226261
	5.178125E-02, 3.04212102E-04, 7.61425964
	6.178125E-02, 3.629615725E-04, 8.75689868
	7.178125E-02, 4.21711043E-04, 9.80486612
	8.178125E-02, 4.804605136E-04, 10.7627165
	9.178125E-02, 5.392099841E-04, 11.6348569
	0.10178125, 5.979594546E-04, 12.425532
	0.11178125, 6.567089251E-04, 13.1388147
	0.12178125, 7.154583956E-04, 13.7785986
	0.13178125, 7.742078661E-04, 14.3485936
	0.14178125, 8.329573367E-04, 14.8523239
	0.15178125, 8.917068072E-04, 15.2931292
	0.16178125, 9.504562777E-04, 15.6741666
	0.17178125, 1.009205748E-03, 15.9984144
	0.18178125, 1.067955219E-03, 16.2686779
	0.19178125, 1.126704689E-03, 16.4875952
	0.20178125, 1.18545416E-03, 16.6576445
	0.21178125, 1.24420363E-03, 16.781151
	0.22178125, 1.302953101E-03, 16.8602951
	0.23178125, 1.361702571E-03, 16.8971199
	0.24178125, 1.420452042E-03, 16.8935395
	0.25178125, 1.479201512E-03, 16.8513458
	0.26178125, 1.537950983E-03, 16.7722171
	0.27178125, 1.596700453E-03, 16.6577249
	0.28178125, 1.655449924E-03, 16.5093405
	0.29178125, 1.714199394E-03, 16.3284425
	0.30178125, 1.772948865E-03, 16.1163227
	0.31178125, 1.831698335E-03, 15.8741921
	0.32178125, 1.890447806E-03, 15.6031868
	0.33178125, 1.949197276E-03, 15.304373
	0.34178125, 2.007946747E-03, 14.9787527
	0.35178125, 2.066696218E-03, 14.6272679
	0.36178125, 2.125445688E-03, 14.2508053
	0.37178125, 2.184195159E-03, 13.8502007
	0.38178125, 2.242944629E-03, 13.4262425
	0.39178125, 2.3016941E-03, 12.9796762
	0.40178125, 2.36044357E-03, 12.5112075
	0.41178125, 2.419193041E-03, 12.0215057
	0.42178125, 2.477942511E-03, 11.5112075
	0.43178125, 2.536691982E-03, 10.9809193
	0.44178125, 2.595441452E-03, 10.4312209
	0.45178125, 2.654190923E-03, 9.86266747
	0.46178125, 2.712940393E-03, 9.2757929
	0.47178125, 2.771689864E-03, 8.67111145
	0.48178125, 2.830439334E-03, 8.04912007
	0.49178125, 2.889188805E-03, 7.41029984
	0.50178125, 2.947938275E-03, 6.75511707
	0.51178125, 3.006687746E-03, 6.08402387
	0.52178125, 3.065437216E-03, 5.3974581
	0.53178125, 3.124186687E-03, 4.69578162
	0.54178125, 3.182936157E-03, 3.97963143
	0.55178125, 3.241685628E-03, 3.24896384
	0.56178125, 3.300435098E-03, 2.50458002
	0.57178125, 3.359184569E-03, 1.74673413
	0.58178125, 3.417934039E-03, 0.975817185
	0.59178125, 3.47668351E-03, 0.19222917
	0.60178125, 3.53543298E-03, -0.603611919
	0.61178125, 3.594182451E-03, -1.41125736
	0.62178125, 3.652931921E-03, -2.23021176
	0.63178125, 3.711681392E-03, -3.05991316
	0.64178125, 3.770430862E-03, -3.89926926
	0.65178125, 3.829180333E-03, -4.74881547
	0.66178125, 3.887929804E-03, -5.60584726
	0.67178125, 3.946679274E-03, -6.47033296
	0.68178125, 4.005428745E-03, -7.34157829
	0.69178125, 4.064178215E-03, -8.21579621
	0.70178125, 4.122927686E-03, -9.09214365
	0.71178125, 4.181677156E-03, -9.96753158
	0.72178125, 4.240426627E-03, -10.8386088
	0.73178125, 4.299176097E-03, -11.7010329
	0.74178125, 4.357925568E-03, -12.5491862
	0.75178125, 4.416675038E-03, -13.3758659
	0.76178125, 4.475424509E-03, -14.1719573
	0.77178125, 4.534173979E-03, -14.9262915
	0.78178125, 4.59292345E-03, -15.6239549
	0.79178125, 4.65167292E-03, -16.2499042
	0.80178125, 4.710422391E-03, -16.7834201
	0.81178125, 4.769171861E-03, -17.2029086
	0.82178125, 4.827921332E-03, -17.4861326
	0.83178125, 4.886670802E-03, -17.6130754
	0.84178125, 4.945420273E-03, -17.5669388
	0.85178125, 5.004169743E-03, -17.3363571
	0.86178125, 5.062919214E-03, -16.9156481
	0.87178125, 5.121668684E-03, -16.3041203
	0.88178125, 5.180418155E-03, -15.5047128
	0.89178125, 5.239167625E-03, -14.5236449
	0.90178125, 5.297917096E-03, -13.3642818
	0.91178125, 5.356666566E-03, -12.0336831
	0.92178125, 5.415416037E-03, -10.536941
	0.93178125, 5.474165507E-03, -8.87821552
	0.94178125, 5.532914978E-03, -7.06068957
	0.95178125, 5.591664448E-03, -5.08662143
	0.96178125, 5.650413919E-03, -2.95744674
	0.97178125, 5.70916339E-03, -0.67389416
	0.98178125, 5.76791286E-03, 1.76390297
	0.99178125, 5.826662331E-03, 4.3563076
	1, 5.874947052E-03, 6.60327217
