	5.E-03, 4.E-04, 2.5E-03, 2.5E-03, 3.6E-03, 1.E-02, 5.E-03, 5.E-03, 2.E-03, 3.5E-02, 4.E-03, 0, 0.2618, 0, 0.349066667
	1.E-03, 2.941379829E-05, 0.25481643
	2.E-03, 5.882759658E-05, 0.501520808
	3.5E-03, 1.02948294E-04, 0.856789435
	5.75E-03, 1.691293402E-04, 1.35767425
	9.125E-03, 2.684009094E-04, 2.04104035
	1.41875E-02, 4.173082633E-04, 2.92633466
	2.178125E-02, 6.40669294E-04, 3.97939492
	3.178125E-02, 9.34807277E-04, 4.95200471
	4.178125E-02, 1.22894526E-03, 5.55483114
	5.178125E-02, 1.523083243E-03, 5.87436529
	6.178125E-02, 1.817221226E-03, 5.97742927
	7.178125E-02, 2.111359209E-03, 5.91580572
	8.178125E-02, 2.405497192E-03, 5.72988854
	9.178125E-02, 2.699635174E-03, 5.45145287
	0.10178125, 2.993773157E-03, 5.1049681
	0.11178125, 3.28791114E-03, 4.71229222
	0.12178125, 3.582049123E-03, 4.28869704
	0.13178125, 3.876187106E-03, 3.84738406
	0.14178125, 4.170325089E-03, 3.39910955
	0.15178125, 4.464463072E-03, 2.95265796
	0.16178125, 4.758601055E-03, 2.51521202
	0.17178125, 5.052739038E-03, 2.09263448
	0.18178125, 5.346877021E-03, 1.68969212
	0.19178125, 5.641015004E-03, 1.31023252
	0.20178125, 5.935152987E-03, 0.957325038
	0.21178125, 6.229290969E-03, 0.633374035
	0.22178125, 6.523428952E-03, 0.340209812
	0.23178125, 6.817566935E-03, 7.916087199E-02
	0.24178125, 7.111704918E-03, -0.148889431
	0.25178125, 7.405842901E-03, -0.343459792
	0.26178125, 7.699980884E-03, -0.504439706
	0.27178125, 7.994118867E-03, -0.632069461
	0.28178125, 8.28825685E-03, -0.726928858
	0.29178125, 8.582394833E-03, -0.789934058
	0.30178125, 8.876532816E-03, -0.822339213
	0.31178125, 9.170670799E-03, -0.82573944
	0.32178125, 9.464808781E-03, -0.802069591
	0.33178125, 9.758946764E-03, -0.753593101
	0.34178125, 1.005308475E-02, -0.682873404
	0.35178125, 1.034722273E-02, -0.592721923
	0.36178125, 1.064136071E-02, -0.486119524
	0.37178125, 1.09354987E-02, -0.366112772
	0.38178125, 1.122963668E-02, -0.235692301
	0.39178125, 1.152377466E-02, -9.766508787E-02
	0.40178125, 1.181791264E-02, 4.546343539E-02
	0.41178125, 1.211205063E-02, 0.191584845
	0.42178125, 1.240618861E-02, 0.339048747
	0.43178125, 1.270032659E-02, 0.486685207
	0.44178125, 1.299446458E-02, 0.633789323
	0.45178125, 1.328860256E-02, 0.780072157
	0.46178125, 1.358274054E-02, 0.925584294
	0.47178125, 1.387687853E-02, 1.07062117
	0.48178125, 1.417101651E-02, 1.21561529
	0.49178125, 1.446515449E-02, 1.36102318
	0.50178125, 1.475929247E-02, 1.50721062
	0.51178125, 1.505343046E-02, 1.65434475
	0.52178125, 1.534756844E-02, 1.80226842
	0.53178125, 1.564170642E-02, 1.95046995
	0.54178125, 1.593584441E-02, 2.09797291
	0.55178125, 1.622998239E-02, 2.24331191
	0.56178125, 1.652412037E-02, 2.38453012
	0.57178125, 1.681825835E-02, 2.51921294
	0.58178125, 1.711239634E-02, 2.64455915
	0.59178125, 1.740653432E-02, 2.75748235
	0.60178125, 1.77006723E-02, 2.85473234
	0.61178125, 1.799481029E-02, 2.93302136
	0.62178125, 1.828894827E-02, 2.98993423
	0.63178125, 1.858308625E-02, 3.0200649
	0.64178125, 1.887722423E-02, 3.0238093
	0.65178125, 1.917136222E-02, 2.99648894
	0.66178125, 1.94655002E-02, 2.93645527
	0.67178125, 1.975963818E-02, 2.84189604
	0.68178125, 2.005377617E-02, 2.71133071
	0.69178125, 2.034791415E-02, 2.54289646
	0.70178125, 2.064205213E-02, 2.33857992
	0.71178125, 2.093619012E-02, 2.09446975
	0.72178125, 2.12303281E-02, 1.81336221
	0.73178125, 2.152446608E-02, 1.49510184
	0.74178125, 2.181860406E-02, 1.14108259
	0.75178125, 2.211274205E-02, 0.753526121
	0.76178125, 2.240688003E-02, 0.335668822
	0.77178125, 2.270101801E-02, -0.107977287
	0.78178125, 2.2995156E-02, -0.571372984
	0.79178125, 2.328929398E-02, -1.04665098
	0.80178125, 2.358343196E-02, -1.52353601
	0.81178125, 2.387756994E-02, -1.9907478
	0.82178125, 2.417170793E-02, -2.43357677
	0.83178125, 2.446584591E-02, -2.83278359
	0.84178125, 2.475998389E-02, -3.17271754
	0.85178125, 2.505412188E-02, -3.42893529
	0.86178125, 2.534825986E-02, -3.58137793
	0.87178125, 2.564239784E-02, -3.60525738
	0.88178125, 2.593653582E-02, -3.47550983
	0.89178125, 2.623067381E-02, -3.16599881
	0.90178125, 2.652481179E-02, -2.6493904
	0.91178125, 2.681894977E-02, -1.89683471
	0.92178125, 2.711308776E-02, -0.87744425
	0.93178125, 2.740722574E-02, 0.442400689
	0.94178125, 2.770136372E-02, 2.09989522
	0.95178125, 2.799550171E-02, 4.13676726
	0.96178125, 2.828963969E-02, 6.60030514
	0.97178125, 2.858377767E-02, 9.54435904
	0.98178125, 2.887791565E-02, 13.0302754
	0.99178125, 2.917205364E-02, 17.1276094
	1, 2.941379829E-02, 21.007613
