	5.E-03, 4.E-04, 2.5E-03, 2.5E-03, 5.6E-03, 1.E-02, 5.E-03, 5.E-03, 2.E-03, 3.5E-02, 4.E-03, 0, 0.2618, 0, 0.349066667
	1.E-03, 2.941379829E-05, 9.350606283E-02
	2.E-03, 5.882759658E-05, 0.183896125
	3.5E-03, 1.02948294E-04, 0.313845616
	5.75E-03, 1.691293402E-04, 0.496689118
	9.125E-03, 2.684009094E-04, 0.745662914
	1.41875E-02, 4.173082633E-04, 1.06813014
	2.178125E-02, 6.40669294E-04, 1.4536856
	3.178125E-02, 9.34807277E-04, 1.81705993
	4.178125E-02, 1.22894526E-03, 2.05395112
	5.178125E-02, 1.523083243E-03, 2.19497619
	6.178125E-02, 1.817221226E-03, 2.26295958
	7.178125E-02, 2.111359209E-03, 2.27521063
	8.178125E-02, 2.405497192E-03, 2.24439074
	9.178125E-02, 2.699635174E-03, 2.18245521
	0.10178125, 2.993773157E-03, 2.09678786
	0.11178125, 3.28791114E-03, 1.99399968
	0.12178125, 3.582049123E-03, 1.87945022
	0.13178125, 3.876187106E-03, 1.75749627
	0.14178125, 4.170325089E-03, 1.63170031
	0.15178125, 4.464463072E-03, 1.50498368
	0.16178125, 4.758601055E-03, 1.37974464
	0.17178125, 5.052739038E-03, 1.25794814
	0.18178125, 5.346877021E-03, 1.14119776
	0.19178125, 5.641015004E-03, 1.030792
	0.20178125, 5.935152987E-03, 0.927769746
	0.21178125, 6.229290969E-03, 0.832946579
	0.22178125, 6.523428952E-03, 0.746944491
	0.23178125, 6.817566935E-03, 0.670216242
	0.24178125, 7.111704918E-03, 0.603065008
	0.25178125, 7.405842901E-03, 0.545660802
	0.26178125, 7.699980884E-03, 0.498053829
	0.27178125, 7.994118867E-03, 0.460185695
	0.28178125, 8.28825685E-03, 0.431898911
	0.29178125, 8.582394833E-03, 0.412945134
	0.30178125, 8.876532816E-03, 0.40299251
	0.31178125, 9.170670799E-03, 0.401633261
	0.32178125, 9.464808781E-03, 0.408390875
	0.33178125, 9.758946764E-03, 0.422728657
	0.34178125, 1.005308475E-02, 0.444058774
	0.35178125, 1.034722273E-02, 0.47175326
	0.36178125, 1.064136071E-02, 0.505156341
	0.37178125, 1.09354987E-02, 0.543598104
	0.38178125, 1.122963668E-02, 0.586409303
	0.39178125, 1.152377466E-02, 0.632936601
	0.40178125, 1.181791264E-02, 0.682557058
	0.41178125, 1.211205063E-02, 0.73469128
	0.42178125, 1.240618861E-02, 0.788812997
	0.43178125, 1.270032659E-02, 0.844488445
	0.44178125, 1.299446458E-02, 0.901236945
	0.45178125, 1.328860256E-02, 0.958753578
	0.46178125, 1.358274054E-02, 1.01673765
	0.47178125, 1.387687853E-02, 1.07492385
	0.48178125, 1.417101651E-02, 1.13306668
	0.49178125, 1.446515449E-02, 1.19092277
	0.50178125, 1.475929247E-02, 1.24823375
	0.51178125, 1.505343046E-02, 1.30470978
	0.52178125, 1.534756844E-02, 1.3600169
	0.53178125, 1.564170642E-02, 1.41376813
	0.54178125, 1.593584441E-02, 1.46551959
	0.55178125, 1.622998239E-02, 1.51477037
	0.56178125, 1.652412037E-02, 1.56096877
	0.57178125, 1.681825835E-02, 1.60374033
	0.58178125, 1.711239634E-02, 1.6418008
	0.59178125, 1.740653432E-02, 1.67534735
	0.60178125, 1.77006723E-02, 1.70332541
	0.61178125, 1.799481029E-02, 1.72459382
	0.62178125, 1.828894827E-02, 1.73958427
	0.63178125, 1.858308625E-02, 1.7471009
	0.64178125, 1.887722423E-02, 1.74675948
	0.65178125, 1.917136222E-02, 1.73804826
	0.66178125, 1.94655002E-02, 1.72051957
	0.67178125, 1.975963818E-02, 1.69381368
	0.68178125, 2.005377617E-02, 1.65766705
	0.69178125, 2.034791415E-02, 1.61192299
	0.70178125, 2.064205213E-02, 1.55653961
	0.71178125, 2.093619012E-02, 1.49176132
	0.72178125, 2.12303281E-02, 1.41804521
	0.73178125, 2.152446608E-02, 1.33487979
	0.74178125, 2.181860406E-02, 1.24308318
	0.75178125, 2.211274205E-02, 1.14358298
	0.76178125, 2.240688003E-02, 1.03705751
	0.77178125, 2.270101801E-02, 0.924625326
	0.78178125, 2.2995156E-02, 0.807695638
	0.79178125, 2.328929398E-02, 0.688022959
	0.80178125, 2.358343196E-02, 0.567768516
	0.81178125, 2.387756994E-02, 0.449588864
	0.82178125, 2.417170793E-02, 0.336724827
	0.83178125, 2.446584591E-02, 0.233126672
	0.84178125, 2.475998389E-02, 0.143600507
	0.85178125, 2.505412188E-02, 7.399039973E-02
	0.86178125, 2.534825986E-02, 3.16903812E-02
	0.87178125, 2.564239784E-02, 2.449426417E-02
	0.88178125, 2.593653582E-02, 6.382382683E-02
	0.89178125, 2.623067381E-02, 0.162282938
	0.90178125, 2.652481179E-02, 0.335640724
	0.91178125, 2.681894977E-02, 0.603148189
	0.92178125, 2.711308776E-02, 0.989180999
	0.93178125, 2.740722574E-02, 1.5213813
	0.94178125, 2.770136372E-02, 2.23544122
	0.95178125, 2.799550171E-02, 3.17336459
	0.96178125, 2.828963969E-02, 4.38323148
	0.97178125, 2.858377767E-02, 5.91923891
	0.98178125, 2.887791565E-02, 7.83963448
	0.99178125, 2.917205364E-02, 10.2044042
	1, 2.941379829E-02, 12.5227716
