	5.E-03, 4.E-04, 2.5E-03, 2.5E-03, 2.4E-03, 1.E-02, 5.E-03, 5.E-03, 2.E-03, 3.5E-02, 4.E-03, 0, 0.2618, 0, 0.349066667
	1.E-03, 2.941379829E-05, 0.516497433
	2.E-03, 5.882759658E-05, 1.01900025
	3.5E-03, 1.02948294E-04, 1.74696748
	5.75E-03, 1.691293402E-04, 2.78227777
	9.125E-03, 2.684009094E-04, 4.21244726
	1.41875E-02, 4.173082633E-04, 6.09708808
	2.178125E-02, 6.40669294E-04, 8.38884267
	3.178125E-02, 9.34807277E-04, 10.5542378
	4.178125E-02, 1.22894526E-03, 11.9129068
	5.178125E-02, 1.523083243E-03, 12.6214756
	6.178125E-02, 1.817221226E-03, 12.8140597
	7.178125E-02, 2.111359209E-03, 12.6030788
	8.178125E-02, 2.405497192E-03, 12.0814894
	9.178125E-02, 2.699635174E-03, 11.3256347
	0.10178125, 2.993773157E-03, 10.3981266
	0.11178125, 3.28791114E-03, 9.34970541
	0.12178125, 3.582049123E-03, 8.22451146
	0.13178125, 3.876187106E-03, 7.05668745
	0.14178125, 4.170325089E-03, 5.87552732
	0.15178125, 4.464463072E-03, 4.70546072
	0.16178125, 4.758601055E-03, 3.56715192
	0.17178125, 5.052739038E-03, 2.47693061
	0.18178125, 5.346877021E-03, 1.4501249
	0.19178125, 5.641015004E-03, 0.497663204
	0.20178125, 5.935152987E-03, -0.370428142
	0.21178125, 6.229290969E-03, -1.14626322
	0.22178125, 6.523428952E-03, -1.82365347
	0.23178125, 6.817566935E-03, -2.39805619
	0.24178125, 7.111704918E-03, -2.86790876
	0.25178125, 7.405842901E-03, -3.22975458
	0.26178125, 7.699980884E-03, -3.48566182
	0.27178125, 7.994118867E-03, -3.6389554
	0.28178125, 8.28825685E-03, -3.69527269
	0.29178125, 8.582394833E-03, -3.66264196
	0.30178125, 8.876532816E-03, -3.55121799
	0.31178125, 9.170670799E-03, -3.37278089
	0.32178125, 9.464808781E-03, -3.1400506
	0.33178125, 9.758946764E-03, -2.86592813
	0.34178125, 1.005308475E-02, -2.56278467
	0.35178125, 1.034722273E-02, -2.24188926
	0.36178125, 1.064136071E-02, -1.91301559
	0.37178125, 1.09354987E-02, -1.58422541
	0.38178125, 1.122963668E-02, -1.26180164
	0.39178125, 1.152377466E-02, -0.950291852
	0.40178125, 1.181791264E-02, -0.652626762
	0.41178125, 1.211205063E-02, -0.370285111
	0.42178125, 1.240618861E-02, -0.103480977
	0.43178125, 1.270032659E-02, 0.148638487
	0.44178125, 1.299446458E-02, 0.387797341
	0.45178125, 1.328860256E-02, 0.616401351
	0.46178125, 1.358274054E-02, 0.83735846
	0.47178125, 1.387687853E-02, 1.05391078
	0.48178125, 1.417101651E-02, 1.26947713
	0.49178125, 1.446515449E-02, 1.4875053
	0.50178125, 1.475929247E-02, 1.71133145
	0.51178125, 1.505343046E-02, 1.9440431
	0.52178125, 1.534756844E-02, 2.18834305
	0.53178125, 1.564170642E-02, 2.44640916
	0.54178125, 1.593584441E-02, 2.71974696
	0.55178125, 1.622998239E-02, 3.00903068
	0.56178125, 1.652412037E-02, 3.31393097
	0.57178125, 1.681825835E-02, 3.63292537
	0.58178125, 1.711239634E-02, 3.96309687
	0.59178125, 1.740653432E-02, 4.29992515
	0.60178125, 1.77006723E-02, 4.63708283
	0.61178125, 1.799481029E-02, 4.9662663
	0.62178125, 1.828894827E-02, 5.27709528
	0.63178125, 1.858308625E-02, 5.557134
	0.64178125, 1.887722423E-02, 5.79209091
	0.65178125, 1.917136222E-02, 5.96624092
	0.66178125, 1.94655002E-02, 6.06307548
	0.67178125, 1.975963818E-02, 6.06611514
	0.68178125, 2.005377617E-02, 5.95975403
	0.69178125, 2.034791415E-02, 5.7299668
	0.70178125, 2.064205213E-02, 5.36005148
	0.71178125, 2.093619012E-02, 4.84881383
	0.72178125, 2.12303281E-02, 4.18452281
	0.73178125, 2.152446608E-02, 3.36159582
	0.74178125, 2.181860406E-02, 2.37699949
	0.75178125, 2.211274205E-02, 1.23145498
	0.76178125, 2.240688003E-02, -6.783445698E-02
	0.77178125, 2.270101801E-02, -1.50226524
	0.78178125, 2.2995156E-02, -3.02402176
	0.79178125, 2.328929398E-02, -4.5986772
	0.80178125, 2.358343196E-02, -6.10182767
	0.81178125, 2.387756994E-02, -7.43624045
	0.82178125, 2.417170793E-02, -8.5118989
	0.83178125, 2.446584591E-02, -9.27980696
	0.84178125, 2.475998389E-02, -9.73054654
	0.85178125, 2.505412188E-02, -9.87630499
	0.86178125, 2.534825986E-02, -9.73357216
	0.87178125, 2.564239784E-02, -9.31402894
	0.88178125, 2.593653582E-02, -8.62186329
	0.89178125, 2.623067381E-02, -7.65381733
	0.90178125, 2.652481179E-02, -6.39713041
	0.91178125, 2.681894977E-02, -4.83247429
	0.92178125, 2.711308776E-02, -2.93420446
	0.93178125, 2.740722574E-02, -0.66797457
	0.94178125, 2.770136372E-02, 2.01467357
	0.95178125, 2.799550171E-02, 5.16637361
	0.96178125, 2.828963969E-02, 8.85192217
	0.97178125, 2.858377767E-02, 13.1480637
	0.98178125, 2.887791565E-02, 18.1396666
	0.99178125, 2.917205364E-02, 23.9264154
	1, 2.941379829E-02, 29.3541144
