	5.E-03, 4.E-04, 2.5E-03, 2.5E-03, 4.E-03, 1.E-02, 5.E-03, 5.E-03, 2.E-03, 3.5E-02, 4.E-03, 0, 0.2618, 0, 0.349066667
	1.E-03, 2.941379829E-05, 0.20473499
	2.E-03, 5.882759658E-05, 0.402774721
	3.5E-03, 1.02948294E-04, 0.687661513
	5.75E-03, 1.691293402E-04, 1.08872705
	9.125E-03, 2.684009094E-04, 1.63484999
	1.41875E-02, 4.173082633E-04, 2.34076085
	2.178125E-02, 6.40669294E-04, 3.17875976
	3.178125E-02, 9.34807277E-04, 3.95292684
	4.178125E-02, 1.22894526E-03, 4.43571401
	5.178125E-02, 1.523083243E-03, 4.69678745
	6.178125E-02, 1.817221226E-03, 4.7891214
	7.178125E-02, 2.111359209E-03, 4.75332299
	8.178125E-02, 2.405497192E-03, 4.62084074
	9.178125E-02, 2.699635174E-03, 4.41629759
	0.10178125, 2.993773157E-03, 4.15853293
	0.11178125, 3.28791114E-03, 3.86456076
	0.12178125, 3.582049123E-03, 3.54606074
	0.13178125, 3.876187106E-03, 3.21320207
	0.14178125, 4.170325089E-03, 2.87427129
	0.15178125, 4.464463072E-03, 2.53603482
	0.16178125, 4.758601055E-03, 2.20402425
	0.17178125, 5.052739038E-03, 1.88275445
	0.18178125, 5.346877021E-03, 1.57589421
	0.19178125, 5.641015004E-03, 1.2864025
	0.20178125, 5.935152987E-03, 1.01663663
	0.21178125, 6.229290969E-03, 0.768439115
	0.22178125, 6.523428952E-03, 0.543207849
	0.23178125, 6.817566935E-03, 0.341952419
	0.24178125, 7.111704918E-03, 0.16533901
	0.25178125, 7.405842901E-03, 1.372600621E-02
	0.26178125, 7.699980884E-03, -0.112808958
	0.27178125, 7.994118867E-03, -0.214448488
	0.28178125, 8.28825685E-03, -0.291620753
	0.29178125, 8.582394833E-03, -0.344989794
	0.30178125, 8.876532816E-03, -0.375447941
	0.31178125, 9.170670799E-03, -0.384109781
	0.32178125, 9.464808781E-03, -0.3723049
	0.33178125, 9.758946764E-03, -0.341565485
	0.34178125, 1.005308475E-02, -0.293607626
	0.35178125, 1.034722273E-02, -0.230301081
	0.36178125, 1.064136071E-02, -0.153627871
	0.37178125, 1.09354987E-02, -6.56271471E-02
	0.38178125, 1.122963668E-02, 3.166996982E-02
	0.39178125, 1.152377466E-02, 0.136311684
	0.40178125, 1.181791264E-02, 0.246496748
	0.41178125, 1.211205063E-02, 0.360637429
	0.42178125, 1.240618861E-02, 0.47740654
	0.43178125, 1.270032659E-02, 0.595764191
	0.44178125, 1.299446458E-02, 0.714959819
	0.45178125, 1.328860256E-02, 0.834510985
	0.46178125, 1.358274054E-02, 0.954160149
	0.47178125, 1.387687853E-02, 1.07382922
	0.48178125, 1.417101651E-02, 1.19348409
	0.49178125, 1.446515449E-02, 1.31315255
	0.50178125, 1.475929247E-02, 1.43277735
	0.51178125, 1.505343046E-02, 1.55215856
	0.52178125, 1.534756844E-02, 1.6708883
	0.53178125, 1.564170642E-02, 1.78830067
	0.54178125, 1.593584441E-02, 1.9034407
	0.55178125, 1.622998239E-02, 2.01505587
	0.56178125, 1.652412037E-02, 2.12161123
	0.57178125, 1.681825835E-02, 2.22132636
	0.58178125, 1.711239634E-02, 2.31222981
	0.59178125, 1.740653432E-02, 2.39222673
	0.60178125, 1.77006723E-02, 2.45916843
	0.61178125, 1.799481029E-02, 2.51152863
	0.62178125, 1.828894827E-02, 2.54543005
	0.63178125, 1.858308625E-02, 2.56131703
	0.64178125, 1.887722423E-02, 2.55588178
	0.65178125, 1.917136222E-02, 2.52787385
	0.66178125, 1.94655002E-02, 2.47587824
	0.67178125, 1.975963818E-02, 2.39869863
	0.68178125, 2.005377617E-02, 2.29541397
	0.69178125, 2.034791415E-02, 2.16538508
	0.70178125, 2.064205213E-02, 2.00801604
	0.71178125, 2.093619012E-02, 1.82466631
	0.72178125, 2.12303281E-02, 1.61300645
	0.73178125, 2.152446608E-02, 1.37570039
	0.74178125, 2.181860406E-02, 1.11314368
	0.75178125, 2.211274205E-02, 0.826962958
	0.76178125, 2.240688003E-02, 0.519449124
	0.77178125, 2.270101801E-02, 0.193686951
	0.78178125, 2.2995156E-02, -0.146262462
	0.79178125, 2.328929398E-02, -0.495196608
	0.80178125, 2.358343196E-02, -0.846563515
	0.81178125, 2.387756994E-02, -1.19207258
	0.82178125, 2.417170793E-02, -1.52249543
	0.83178125, 2.446584591E-02, -1.8261325
	0.84178125, 2.475998389E-02, -2.08876646
	0.85178125, 2.505412188E-02, -2.29334701
	0.86178125, 2.534825986E-02, -2.42467862
	0.87178125, 2.564239784E-02, -2.4614134
	0.88178125, 2.593653582E-02, -2.38039073
	0.89178125, 2.623067381E-02, -2.1581569
	0.90178125, 2.652481179E-02, -1.76696774
	0.91178125, 2.681894977E-02, -1.17692951
	0.92178125, 2.711308776E-02, -0.355277315
	0.93178125, 2.740722574E-02, 0.733886645
	0.94178125, 2.770136372E-02, 2.12992477
	0.95178125, 2.799550171E-02, 3.87606446
	0.96178125, 2.828963969E-02, 6.01990554
	0.97178125, 2.858377767E-02, 8.61402757
	0.98178125, 2.887791565E-02, 11.7166743
	0.99178125, 2.917205364E-02, 15.3924395
	1, 2.941379829E-02, 18.8926718
