	5.E-03, 4.E-04, 2.5E-03, 2.5E-03, 3.2E-03, 1.E-02, 5.E-03, 5.E-03, 2.E-03, 3.5E-02, 4.E-03, 0, 0.2618, 0, 0.349066667
	1.E-03, 2.941379829E-05, 0.32068387
	2.E-03, 5.882759658E-05, 0.631545513
	3.5E-03, 1.02948294E-04, 1.07987497
	5.75E-03, 1.691293402E-04, 1.71331341
	9.125E-03, 2.684009094E-04, 2.58006849
	1.41875E-02, 4.173082633E-04, 3.70716969
	2.178125E-02, 6.40669294E-04, 5.05358009
	3.178125E-02, 9.34807277E-04, 6.30070147
	4.178125E-02, 1.22894526E-03, 7.07184922
	5.178125E-02, 1.523083243E-03, 7.47442618
	6.178125E-02, 1.817221226E-03, 7.59335211
	7.178125E-02, 2.111359209E-03, 7.49553614
	8.178125E-02, 2.405497192E-03, 7.23378207
	9.178125E-02, 2.699635174E-03, 6.84995791
	0.10178125, 2.993773157E-03, 6.37746834
	0.11178125, 3.28791114E-03, 5.84250375
	0.12178125, 3.582049123E-03, 5.2681889
	0.13178125, 3.876187106E-03, 4.67128503
	0.14178125, 4.170325089E-03, 4.06618584
	0.15178125, 4.464463072E-03, 3.46466347
	0.16178125, 4.758601055E-03, 2.87635877
	0.17178125, 5.052739038E-03, 2.30915818
	0.18178125, 5.346877021E-03, 1.76949183
	0.19178125, 5.641015004E-03, 1.26256787
	0.20178125, 5.935152987E-03, 0.792561542
	0.21178125, 6.229290969E-03, 0.362765902
	0.22178125, 6.523428952E-03, -2.428840184E-02
	0.23178125, 6.817566935E-03, -0.366739587
	0.24178125, 7.111704918E-03, -0.66332439
	0.25178125, 7.405842901E-03, -0.913329114
	0.26178125, 7.699980884E-03, -1.11656134
	0.27178125, 7.994118867E-03, -1.27334091
	0.28178125, 8.28825685E-03, -1.3845085
	0.29178125, 8.582394833E-03, -1.45144852
	0.30178125, 8.876532816E-03, -1.47611951
	0.31178125, 9.170670799E-03, -1.46108098
	0.32178125, 9.464808781E-03, -1.40950357
	0.33178125, 9.758946764E-03, -1.32514265
	0.34178125, 1.005308475E-02, -1.21226226
	0.35178125, 1.034722273E-02, -1.07549908
	0.36178125, 1.064136071E-02, -0.919671852
	0.37178125, 1.09354987E-02, -0.749553403
	0.38178125, 1.122963668E-02, -0.569635259
	0.39178125, 1.152377466E-02, -0.383915685
	0.40178125, 1.181791264E-02, -0.195737728
	0.41178125, 1.211205063E-02, -7.690720346E-03
	0.42178125, 1.240618861E-02, 0.178422271
	0.43178125, 1.270032659E-02, 0.361558687
	0.44178125, 1.299446458E-02, 0.541364323
	0.45178125, 1.328860256E-02, 0.718069001
	0.46178125, 1.358274054E-02, 0.892361124
	0.47178125, 1.387687853E-02, 1.06525131
	0.48178125, 1.417101651E-02, 1.23792954
	0.49178125, 1.446515449E-02, 1.41162271
	0.50178125, 1.475929247E-02, 1.5874516
	0.51178125, 1.505343046E-02, 1.76629166
	0.52178125, 1.534756844E-02, 1.94863726
	0.53178125, 1.564170642E-02, 2.13447317
	0.54178125, 1.593584441E-02, 2.32315828
	0.55178125, 1.622998239E-02, 2.51323591
	0.56178125, 1.652412037E-02, 2.70267204
	0.57178125, 1.681825835E-02, 2.88844471
	0.58178125, 1.711239634E-02, 3.06679311
	0.59178125, 1.740653432E-02, 3.23326728
	0.60178125, 1.77006723E-02, 3.38288857
	0.61178125, 1.799481029E-02, 3.51036168
	0.62178125, 1.828894827E-02, 3.6103132
	0.63178125, 1.858308625E-02, 3.67752282
	0.64178125, 1.887722423E-02, 3.708294
	0.65178125, 1.917136222E-02, 3.69470992
	0.66178125, 1.94655002E-02, 3.63773217
	0.67178125, 1.975963818E-02, 3.53060073
	0.68178125, 2.005377617E-02, 3.37161141
	0.69178125, 2.034791415E-02, 3.15747124
	0.70178125, 2.064205213E-02, 2.89098697
	0.71178125, 2.093619012E-02, 2.56557893
	0.72178125, 2.12303281E-02, 2.18544527
	0.73178125, 2.152446608E-02, 1.74984556
	0.74178125, 2.181860406E-02, 1.26053364
	0.75178125, 2.211274205E-02, 0.720605542
	0.76178125, 2.240688003E-02, 0.134920964
	0.77178125, 2.270101801E-02, -0.489423449
	0.78178125, 2.2995156E-02, -1.14253501
	0.79178125, 2.328929398E-02, -1.81043049
	0.80178125, 2.358343196E-02, -2.47864737
	0.81178125, 2.387756994E-02, -3.12567066
	0.82178125, 2.417170793E-02, -3.72461992
	0.83178125, 2.446584591E-02, -4.25510558
	0.84178125, 2.475998389E-02, -4.68350301
	0.85178125, 2.505412188E-02, -4.98751643
	0.86178125, 2.534825986E-02, -5.13904596
	0.87178125, 2.564239784E-02, -5.11303671
	0.88178125, 2.593653582E-02, -4.88574525
	0.89178125, 2.623067381E-02, -4.4341967
	0.90178125, 2.652481179E-02, -3.73523799
	0.91178125, 2.681894977E-02, -2.76441438
	0.92178125, 2.711308776E-02, -1.49470989
	0.93178125, 2.740722574E-02, 0.104721514
	0.94178125, 2.770136372E-02, 2.06980792
	0.95178125, 2.799550171E-02, 4.44276572
	0.96178125, 2.828963969E-02, 7.2732541
	0.97178125, 2.858377767E-02, 10.6200775
	0.98178125, 2.887791565E-02, 14.5490514
	0.99178125, 2.917205364E-02, 19.1379256
	1, 2.941379829E-02, 23.4642193
