	5.E-03, 4.E-04, 2.5E-03, 2.5E-03, 4.8E-03, 1.E-02, 5.E-03, 5.E-03, 2.E-03, 3.5E-02, 4.E-03, 0, 0.2618, 0, 0.349066667
	1.E-03, 2.941379829E-05, 0.135559207
	2.E-03, 5.882759658E-05, 0.266586917
	3.5E-03, 1.02948294E-04, 0.454918542
	5.75E-03, 1.691293402E-04, 0.719779559
	9.125E-03, 2.684009094E-04, 1.08004618
	1.41875E-02, 4.173082633E-04, 1.5454988
	2.178125E-02, 6.40669294E-04, 2.09893497
	3.178125E-02, 9.34807277E-04, 2.61416003
	4.178125E-02, 1.22894526E-03, 2.9420026
	5.178125E-02, 1.523083243E-03, 3.12793958
	6.178125E-02, 1.817221226E-03, 3.20602403
	7.178125E-02, 2.111359209E-03, 3.20211816
	8.178125E-02, 2.405497192E-03, 3.13527013
	9.178125E-02, 2.699635174E-03, 3.02301539
	0.10178125, 2.993773157E-03, 2.87651503
	0.11178125, 3.28791114E-03, 2.70559302
	0.12178125, 3.582049123E-03, 2.51819135
	0.13178125, 3.876187106E-03, 2.32075208
	0.14178125, 4.170325089E-03, 2.11853115
	0.15178125, 4.464463072E-03, 1.91582895
	0.16178125, 4.758601055E-03, 1.71616728
	0.17178125, 5.052739038E-03, 1.52242509
	0.18178125, 5.346877021E-03, 1.33694624
	0.19178125, 5.641015004E-03, 1.16162399
	0.20178125, 5.935152987E-03, 0.997968656
	0.21178125, 6.229290969E-03, 0.847162234
	0.22178125, 6.523428952E-03, 0.710102559
	0.23178125, 6.817566935E-03, 0.587439099
	0.24178125, 7.111704918E-03, 0.479602031
	0.25178125, 7.405842901E-03, 0.386825678
	0.26178125, 7.699980884E-03, 0.309167861
	0.27178125, 7.994118867E-03, 0.24652491
	0.28178125, 8.28825685E-03, 0.198644402
	0.29178125, 8.582394833E-03, 0.16513554
	0.30178125, 8.876532816E-03, 0.145478075
	0.31178125, 9.170670799E-03, 0.139031368
	0.32178125, 9.464808781E-03, 0.145043305
	0.33178125, 9.758946764E-03, 0.162661149
	0.34178125, 1.005308475E-02, 0.19094456
	0.35178125, 1.034722273E-02, 0.228882392
	0.36178125, 1.064136071E-02, 0.275412551
	0.37178125, 1.09354987E-02, 0.329446352
	0.38178125, 1.122963668E-02, 0.389895135
	0.39178125, 1.152377466E-02, 0.455699891
	0.40178125, 1.181791264E-02, 0.525859408
	0.41178125, 1.211205063E-02, 0.599456426
	0.42178125, 1.240618861E-02, 0.675678313
	0.43178125, 1.270032659E-02, 0.753829569
	0.44178125, 1.299446458E-02, 0.833361362
	0.45178125, 1.328860256E-02, 0.913753242
	0.46178125, 1.358274054E-02, 0.994676065
	0.47178125, 1.387687853E-02, 1.07583502
	0.48178125, 1.417101651E-02, 1.15697431
	0.49178125, 1.446515449E-02, 1.23784179
	0.50178125, 1.475929247E-02, 1.31815378
	0.51178125, 1.505343046E-02, 1.39756201
	0.52178125, 1.534756844E-02, 1.47562723
	0.53178125, 1.564170642E-02, 1.5518007
	0.54178125, 1.593584441E-02, 1.62541459
	0.55178125, 1.622998239E-02, 1.69568388
	0.56178125, 1.652412037E-02, 1.76171543
	0.57178125, 1.681825835E-02, 1.82252781
	0.58178125, 1.711239634E-02, 1.87707381
	0.59178125, 1.740653432E-02, 1.92463241
	0.60178125, 1.77006723E-02, 1.96301723
	0.61178125, 1.799481029E-02, 1.99254826
	0.62178125, 1.828894827E-02, 2.01139706
	0.63178125, 1.858308625E-02, 2.0180368
	0.64178125, 1.887722423E-02, 2.01304877
	0.65178125, 1.917136222E-02, 1.99455395
	0.66178125, 1.94655002E-02, 1.96212515
	0.67178125, 1.975963818E-02, 1.91516508
	0.68178125, 2.005377617E-02, 1.85320034
	0.69178125, 2.034791415E-02, 1.77592224
	0.70178125, 2.064205213E-02, 1.68323854
	0.71178125, 2.093619012E-02, 1.57581247
	0.72178125, 2.12303281E-02, 1.45263201
	0.73178125, 2.152446608E-02, 1.31445472
	0.74178125, 2.181860406E-02, 1.16261681
	0.75178125, 2.211274205E-02, 0.997718835
	0.76178125, 2.240688003E-02, 0.821084249
	0.77178125, 2.270101801E-02, 0.634442969
	0.78178125, 2.2995156E-02, 0.440007093
	0.79178125, 2.328929398E-02, 0.240563074
	0.80178125, 2.358343196E-02, 3.957929534E-02
	0.81178125, 2.387756994E-02, -0.15866606
	0.82178125, 2.417170793E-02, -0.348937828
	0.83178125, 2.446584591E-02, -0.524694546
	0.84178125, 2.475998389E-02, -0.678805664
	0.85178125, 2.505412188E-02, -0.801754009
	0.86178125, 2.534825986E-02, -0.88232764
	0.87178125, 2.564239784E-02, -0.907595727
	0.88178125, 2.593653582E-02, -0.861551709
	0.89178125, 2.623067381E-02, -0.726516489
	0.90178125, 2.652481179E-02, -0.481020937
	0.91178125, 2.681894977E-02, -9.917946945E-02
	0.92178125, 2.711308776E-02, 0.448876947
	0.93178125, 2.740722574E-02, 1.19765332
	0.94178125, 2.770136372E-02, 2.18681209
	0.95178125, 2.799550171E-02, 3.4610697
	0.96178125, 2.828963969E-02, 5.06984237
	0.97178125, 2.858377767E-02, 7.06659982
	0.98178125, 2.887791565E-02, 9.50814608
	0.99178125, 2.917205364E-02, 12.4541244
	1, 2.941379829E-02, 15.2969378
