	5.E-03, 4.E-04, 2.5E-03, 2.5E-03, 5.2E-03, 1.E-02, 5.E-03, 5.E-03, 2.E-03, 3.5E-02, 4.E-03, 0, 0.2618, 0, 0.349066667
	1.E-03, 2.941379829E-05, 0.112026458
	2.E-03, 5.882759658E-05, 0.220305149
	3.5E-03, 1.02948294E-04, 0.375940328
	5.75E-03, 1.691293402E-04, 0.594840774
	9.125E-03, 2.684009094E-04, 0.892693557
	1.41875E-02, 4.173082633E-04, 1.27788716
	2.178125E-02, 6.40669294E-04, 1.7370099
	3.178125E-02, 9.34807277E-04, 2.16690859
	4.178125E-02, 1.22894526E-03, 2.44371848
	5.178125E-02, 1.523083243E-03, 2.60459717
	6.178125E-02, 1.817221226E-03, 2.67728108
	7.178125E-02, 2.111359209E-03, 2.68280656
	8.178125E-02, 2.405497192E-03, 2.63660766
	9.178125E-02, 2.699635174E-03, 2.55307165
	0.10178125, 2.993773157E-03, 2.44121462
	0.11178125, 3.28791114E-03, 2.30904096
	0.12178125, 3.582049123E-03, 2.16303025
	0.13178125, 3.876187106E-03, 2.00844356
	0.14178125, 4.170325089E-03, 1.84957825
	0.15178125, 4.464463072E-03, 1.68995404
	0.16178125, 4.758601055E-03, 1.53245676
	0.17178125, 5.052739038E-03, 1.37944849
	0.18178125, 5.346877021E-03, 1.23285436
	0.19178125, 5.641015004E-03, 1.09423131
	0.20178125, 5.935152987E-03, 0.96482319
	0.21178125, 6.229290969E-03, 0.845604837
	0.22178125, 6.523428952E-03, 0.737318297
	0.23178125, 6.817566935E-03, 0.640501754
	0.24178125, 7.111704918E-03, 0.555513693
	0.25178125, 7.405842901E-03, 0.482552147
	0.26178125, 7.699980884E-03, 0.421670738
	0.27178125, 7.994118867E-03, 0.37279192
	0.28178125, 8.28825685E-03, 0.335717513
	0.29178125, 8.582394833E-03, 0.310138363
	0.30178125, 8.876532816E-03, 0.295642742
	0.31178125, 9.170670799E-03, 0.291724298
	0.32178125, 9.464808781E-03, 0.297790269
	0.33178125, 9.758946764E-03, 0.313171603
	0.34178125, 1.005308475E-02, 0.337133435
	0.35178125, 1.034722273E-02, 0.368888469
	0.36178125, 1.064136071E-02, 0.407612619
	0.37178125, 1.09354987E-02, 0.452462732
	0.38178125, 1.122963668E-02, 0.502596133
	0.39178125, 1.152377466E-02, 0.557191006
	0.40178125, 1.181791264E-02, 0.615466644
	0.41178125, 1.211205063E-02, 0.676701185
	0.42178125, 1.240618861E-02, 0.740245663
	0.43178125, 1.270032659E-02, 0.80556717
	0.44178125, 1.299446458E-02, 0.872103369
	0.45178125, 1.328860256E-02, 0.939495982
	0.46178125, 1.358274054E-02, 1.00740645
	0.47178125, 1.387687853E-02, 1.0755452
	0.48178125, 1.417101651E-02, 1.14364979
	0.49178125, 1.446515449E-02, 1.21146018
	0.50178125, 1.475929247E-02, 1.27869484
	0.51178125, 1.505343046E-02, 1.34502773
	0.52178125, 1.534756844E-02, 1.41007071
	0.53178125, 1.564170642E-02, 1.47336048
	0.54178125, 1.593584441E-02, 1.53435322
	0.55178125, 1.622998239E-02, 1.59242555
	0.56178125, 1.652412037E-02, 1.64688131
	0.57178125, 1.681825835E-02, 1.69696479
	0.58178125, 1.711239634E-02, 1.74216005
	0.59178125, 1.740653432E-02, 1.78079403
	0.60178125, 1.77006723E-02, 1.81312089
	0.61178125, 1.799481029E-02, 1.83775395
	0.62178125, 1.828894827E-02, 1.85337352
	0.63178125, 1.858308625E-02, 1.86047902
	0.64178125, 1.887722423E-02, 1.85757283
	0.65178125, 1.917136222E-02, 1.84424463
	0.66178125, 1.94655002E-02, 1.81993596
	0.67178125, 1.975963818E-02, 1.78417798
	0.68178125, 2.005377617E-02, 1.73662169
	0.69178125, 2.034791415E-02, 1.67704802
	0.70178125, 2.064205213E-02, 1.60536104
	0.71178125, 2.093619012E-02, 1.52223578
	0.72178125, 2.12303281E-02, 1.42684338
	0.73178125, 2.152446608E-02, 1.31997029
	0.74178125, 2.181860406E-02, 1.20270458
	0.75178125, 2.211274205E-02, 1.07481326
	0.76178125, 2.240688003E-02, 0.938191996
	0.77178125, 2.270101801E-02, 0.793934589
	0.78178125, 2.2995156E-02, 0.643781974
	0.79178125, 2.328929398E-02, 0.489911572
	0.80178125, 2.358343196E-02, 0.335022126
	0.81178125, 2.387756994E-02, 0.182432293
	0.82178125, 2.417170793E-02, 3.620239632E-02
	0.83178125, 2.446584591E-02, -9.872260812E-02
	0.84178125, 2.475998389E-02, -0.216121362
	0.85178125, 2.505412188E-02, -0.309386469
	0.86178125, 2.534825986E-02, -0.369208177
	0.87178125, 2.564239784E-02, -0.3849495
	0.88178125, 2.593653582E-02, -0.343944619
	0.89178125, 2.623067381E-02, -0.230913313
	0.90178125, 2.652481179E-02, -2.723114006E-02
	0.91178125, 2.681894977E-02, 0.289720241
	0.92178125, 2.711308776E-02, 0.745947345
	0.93178125, 2.740722574E-02, 1.37431657
	0.94178125, 2.770136372E-02, 2.21230417
	0.95178125, 2.799550171E-02, 3.30364179
	0.96178125, 2.828963969E-02, 4.69773994
	0.97178125, 2.858377767E-02, 6.44876112
	0.98178125, 2.887791565E-02, 8.61420982
	0.99178125, 2.917205364E-02, 11.2535018
	1, 2.941379829E-02, 13.8199799
