	5.E-03, 4.E-04, 2.5E-03, 2.5E-03, 2.8E-03, 1.E-02, 5.E-03, 5.E-03, 2.E-03, 3.5E-02, 4.E-03, 0, 0.2618, 0, 0.349066667
	1.E-03, 2.941379829E-05, 0.406332394
	2.E-03, 5.882759658E-05, 0.800870054
	3.5E-03, 1.02948294E-04, 1.37102741
	5.75E-03, 1.691293402E-04, 2.17896174
	9.125E-03, 2.684009094E-04, 3.28912139
	1.41875E-02, 4.173082633E-04, 4.74100722
	2.178125E-02, 6.40669294E-04, 6.48813254
	3.178125E-02, 9.34807277E-04, 8.1184313
	4.178125E-02, 1.22894526E-03, 9.13017489
	5.178125E-02, 1.523083243E-03, 9.65495252
	6.178125E-02, 1.817221226E-03, 9.80037161
	7.178125E-02, 2.111359209E-03, 9.65340607
	8.178125E-02, 2.405497192E-03, 9.28399314
	9.178125E-02, 2.699635174E-03, 8.7483465
	0.10178125, 2.993773157E-03, 8.09176952
	0.11178125, 3.28791114E-03, 7.35022034
	0.12178125, 3.582049123E-03, 6.55514245
	0.13178125, 3.876187106E-03, 5.72992834
	0.14178125, 4.170325089E-03, 4.89459151
	0.15178125, 4.464463072E-03, 4.06558609
	0.16178125, 4.758601055E-03, 3.25646589
	0.17178125, 5.052739038E-03, 2.47839039
	0.18178125, 5.346877021E-03, 1.74052598
	0.19178125, 5.641015004E-03, 1.05036563
	0.20178125, 5.935152987E-03, 0.413984513
	0.21178125, 6.229290969E-03, -0.1637579
	0.22178125, 6.523428952E-03, -0.679061811
	0.23178125, 6.817566935E-03, -1.12907391
	0.24178125, 7.111704918E-03, -1.51181611
	0.25178125, 7.405842901E-03, -1.82615683
	0.26178125, 7.699980884E-03, -2.0718254
	0.27178125, 7.994118867E-03, -2.24946776
	0.28178125, 8.28825685E-03, -2.36073402
	0.29178125, 8.582394833E-03, -2.40837944
	0.30178125, 8.876532816E-03, -2.39634658
	0.31178125, 9.170670799E-03, -2.32978702
	0.32178125, 9.464808781E-03, -2.214981
	0.33178125, 9.758946764E-03, -2.05912768
	0.34178125, 1.005308475E-02, -1.87001206
	0.35178125, 1.034722273E-02, -1.65558778
	0.36178125, 1.064136071E-02, -1.42353836
	0.37178125, 1.09354987E-02, -1.18088437
	0.38178125, 1.122963668E-02, -0.933682687
	0.39178125, 1.152377466E-02, -0.686840492
	0.40178125, 1.181791264E-02, -0.44403907
	0.41178125, 1.211205063E-02, -0.207750317
	0.42178125, 1.240618861E-02, 2.068019123E-02
	0.43178125, 1.270032659E-02, 0.240905028
	0.44178125, 1.299446458E-02, 0.453422524
	0.45178125, 1.328860256E-02, 0.65941285
	0.46178125, 1.358274054E-02, 0.860571301
	0.47178125, 1.387687853E-02, 1.05894499
	0.48178125, 1.417101651E-02, 1.25677459
	0.49178125, 1.446515449E-02, 1.45634053
	0.50178125, 1.475929247E-02, 1.65981469
	0.51178125, 1.505343046E-02, 1.86911335
	0.52178125, 1.534756844E-02, 2.08575036
	0.53178125, 1.564170642E-02, 2.31068853
	0.54178125, 1.593584441E-02, 2.54418826
	0.55178125, 1.622998239E-02, 2.78565346
	0.56178125, 1.652412037E-02, 3.03348207
	0.57178125, 1.681825835E-02, 3.28492729
	0.58178125, 1.711239634E-02, 3.53598782
	0.59178125, 1.740653432E-02, 3.78135039
	0.60178125, 1.77006723E-02, 4.01390752
	0.61178125, 1.799481029E-02, 4.22672298
	0.62178125, 1.828894827E-02, 4.41077392
	0.63178125, 1.858308625E-02, 4.55687058
	0.64178125, 1.887722423E-02, 4.65575138
	0.65178125, 1.917136222E-02, 4.70018399
	0.66178125, 1.94655002E-02, 4.67911542
	0.67178125, 1.975963818E-02, 4.58665207
	0.68178125, 2.005377617E-02, 4.41700396
	0.69178125, 2.034791415E-02, 4.16293555
	0.70178125, 2.064205213E-02, 3.82565022
	0.71178125, 2.093619012E-02, 3.40026347
	0.72178125, 2.12303281E-02, 2.88535866
	0.73178125, 2.152446608E-02, 2.28083077
	0.74178125, 2.181860406E-02, 1.58828569
	0.75178125, 2.211274205E-02, 0.811688859
	0.76178125, 2.240688003E-02, -4.160690232E-02
	0.77178125, 2.270101801E-02, -0.959558031
	0.78178125, 2.2995156E-02, -1.92114407
	0.79178125, 2.328929398E-02, -2.90871924
	0.80178125, 2.358343196E-02, -3.88215734
	0.81178125, 2.387756994E-02, -4.79839619
	0.82178125, 2.417170793E-02, -5.62326259
	0.83178125, 2.446584591E-02, -6.30169689
	0.84178125, 2.475998389E-02, -6.80896689
	0.85178125, 2.505412188E-02, -7.11328364
	0.86178125, 2.534825986E-02, -7.1942664
	0.87178125, 2.564239784E-02, -7.03696443
	0.88178125, 2.593653582E-02, -6.62886939
	0.89178125, 2.623067381E-02, -5.95732954
	0.90178125, 2.652481179E-02, -5.00736313
	0.91178125, 2.681894977E-02, -3.76007505
	0.92178125, 2.711308776E-02, -2.19110874
	0.93178125, 2.740722574E-02, -0.269238234
	0.94178125, 2.770136372E-02, 2.04099227
	0.95178125, 2.799550171E-02, 4.78828688
	0.96178125, 2.828963969E-02, 8.02725138
	0.97178125, 2.858377767E-02, 11.8242812
	0.98178125, 2.887791565E-02, 16.2531855
	0.99178125, 2.917205364E-02, 21.4018551
	1, 2.941379829E-02, 26.2403989
