	5.E-03, 4.E-04, 2.5E-03, 2.5E-03, 2.E-03, 1.E-02, 5.E-03, 5.E-03, 2.E-03, 3.5E-02, 4.E-03, 0, 0.2618, 0, 0.349066667
	1.E-03, 2.941379829E-05, 0.6530124
	2.E-03, 5.882759658E-05, 1.28967979
	3.5E-03, 1.02948294E-04, 2.21444999
	5.75E-03, 1.691293402E-04, 3.53486085
	9.125E-03, 2.684009094E-04, 5.36963595
	1.41875E-02, 4.173082633E-04, 7.80847348
	2.178125E-02, 6.40669294E-04, 10.8115606
	3.178125E-02, 9.34807277E-04, 13.6956871
	4.178125E-02, 1.22894526E-03, 15.536562
	5.178125E-02, 1.523083243E-03, 16.5122906
	6.178125E-02, 1.817221226E-03, 16.7843599
	7.178125E-02, 2.111359209E-03, 16.4943742
	8.178125E-02, 2.405497192E-03, 15.7635168
	9.178125E-02, 2.699635174E-03, 14.6941997
	0.10178125, 2.993773157E-03, 13.3718622
	0.11178125, 3.28791114E-03, 11.8719373
	0.12178125, 3.582049123E-03, 10.2554846
	0.13178125, 3.876187106E-03, 8.57603717
	0.14178125, 4.170325089E-03, 6.87963016
	0.15178125, 4.464463072E-03, 5.20607789
	0.16178125, 4.758601055E-03, 3.58902981
	0.17178125, 5.052739038E-03, 2.05755298
	0.18178125, 5.346877021E-03, 0.63603584
	0.19178125, 5.641015004E-03, -0.655320239
	0.20178125, 5.935152987E-03, -1.80033734
	0.21178125, 6.229290969E-03, -2.78687161
	0.22178125, 6.523428952E-03, -3.6090191
	0.23178125, 6.817566935E-03, -4.25939905
	0.24178125, 7.111704918E-03, -4.74086269
	0.25178125, 7.405842901E-03, -5.05943089
	0.26178125, 7.699980884E-03, -5.22549756
	0.27178125, 7.994118867E-03, -5.25336264
	0.28178125, 8.28825685E-03, -5.16027589
	0.29178125, 8.582394833E-03, -4.96529918
	0.30178125, 8.876532816E-03, -4.68814413
	0.31178125, 9.170670799E-03, -4.34813381
	0.32178125, 9.464808781E-03, -3.96337902
	0.33178125, 9.758946764E-03, -3.55020009
	0.34178125, 1.005308475E-02, -3.12277653
	0.35178125, 1.034722273E-02, -2.69298495
	0.36178125, 1.064136071E-02, -2.27037874
	0.37178125, 1.09354987E-02, -1.86226699
	0.38178125, 1.122963668E-02, -1.4738598
	0.39178125, 1.152377466E-02, -1.10845384
	0.40178125, 1.181791264E-02, -0.767641379
	0.41178125, 1.211205063E-02, -0.451529259
	0.42178125, 1.240618861E-02, -0.158960648
	0.43178125, 1.270032659E-02, 0.112269131
	0.44178125, 1.299446458E-02, 0.365204973
	0.45178125, 1.328860256E-02, 0.603536683
	0.46178125, 1.358274054E-02, 0.83141775
	0.47178125, 1.387687853E-02, 1.05329896
	0.48178125, 1.417101651E-02, 1.27377559
	0.49178125, 1.446515449E-02, 1.49744714
	0.50178125, 1.475929247E-02, 1.72878702
	0.51178125, 1.505343046E-02, 1.9720185
	0.52178125, 1.534756844E-02, 2.23099359
	0.53178125, 1.564170642E-02, 2.50906893
	0.54178125, 1.593584441E-02, 2.80897651
	0.55178125, 1.622998239E-02, 3.13268304
	0.56178125, 1.652412037E-02, 3.48123244
	0.57178125, 1.681825835E-02, 3.85456998
	0.58178125, 1.711239634E-02, 4.25134192
	0.59178125, 1.740653432E-02, 4.66866762
	0.60178125, 1.77006723E-02, 5.10188376
	0.61178125, 1.799481029E-02, 5.5442622
	0.62178125, 1.828894827E-02, 5.98670447
	0.63178125, 1.858308625E-02, 6.41742948
	0.64178125, 1.887722423E-02, 6.82167607
	0.65178125, 1.917136222E-02, 7.18146029
	0.66178125, 1.94655002E-02, 7.47544324
	0.67178125, 1.975963818E-02, 7.67898213
	0.68178125, 2.005377617E-02, 7.76443638
	0.69178125, 2.034791415E-02, 7.70177285
	0.70178125, 2.064205213E-02, 7.45379702
	0.71178125, 2.093619012E-02, 6.99777228
	0.72178125, 2.12303281E-02, 6.29749822
	0.73178125, 2.152446608E-02, 5.32138691
	0.74178125, 2.181860406E-02, 4.03775406
	0.75178125, 2.211274205E-02, 2.41385124
	0.76178125, 2.240688003E-02, 0.416429073
	0.77178125, 2.270101801E-02, -1.97824029
	0.78178125, 2.2995156E-02, -4.7363288
	0.79178125, 2.328929398E-02, -7.62353673
	0.80178125, 2.358343196E-02, -10.1079114
	0.81178125, 2.387756994E-02, -11.973214
	0.82178125, 2.417170793E-02, -12.8380824
	0.83178125, 2.446584591E-02, -12.9113855
	0.83928125, 2.46864494E-02, -12.9355336
	0.84678125, 2.490705288E-02, -12.8900357
	0.85678125, 2.520119087E-02, -12.6218124
	0.86678125, 2.549532885E-02, -12.0321197
	0.87178125, 2.564239784E-02, -11.6080719
	0.87678125, 2.578946683E-02, -11.1336228
	0.88428125, 2.601007032E-02, -10.3008556
	0.89428125, 2.63042083E-02, -8.95390742
	0.90428125, 2.659834629E-02, -7.31818949
	0.91428125, 2.689248427E-02, -5.36486115
	0.92428125, 2.718662225E-02, -3.05516117
	0.93428125, 2.748076024E-02, -0.341761117
	0.94428125, 2.777489822E-02, 2.83272639
	0.95428125, 2.80690362E-02, 6.53648799
	0.96428125, 2.836317418E-02, 10.8492777
	0.97428125, 2.865731217E-02, 15.862912
	0.98428125, 2.895145015E-02, 21.679334
	0.99428125, 2.924558813E-02, 28.4132643
	1, 2.941379829E-02, 32.7250465
