	5.E-03, 4.E-04, 2.5E-03, 2.5E-03, 4.4E-03, 1.E-02, 5.E-03, 5.E-03, 2.E-03, 3.5E-02, 4.E-03, 0, 0.2618, 0, 0.349066667
	1.E-03, 2.941379829E-05, 0.165729988
	2.E-03, 5.882759658E-05, 0.325958245
	3.5E-03, 1.02948294E-04, 0.556317915
	5.75E-03, 1.691293402E-04, 0.880373078
	9.125E-03, 2.684009094E-04, 1.32123867
	1.41875E-02, 4.173082633E-04, 1.89067693
	2.178125E-02, 6.40669294E-04, 2.56675481
	3.178125E-02, 9.34807277E-04, 3.19322447
	4.178125E-02, 1.22894526E-03, 3.58753644
	5.178125E-02, 1.523083243E-03, 3.80579275
	6.178125E-02, 1.817221226E-03, 3.89024609
	7.178125E-02, 2.111359209E-03, 3.8730898
	8.178125E-02, 2.405497192E-03, 3.77916653
	9.178125E-02, 2.699635174E-03, 3.62714032
	0.10178125, 2.993773157E-03, 3.43404541
	0.11178125, 3.28791114E-03, 3.21115164
	0.12178125, 3.582049123E-03, 2.96833442
	0.13178125, 3.876187106E-03, 2.71361458
	0.14178125, 4.170325089E-03, 2.45352607
	0.15178125, 4.464463072E-03, 2.19341019
	0.16178125, 4.758601055E-03, 1.9376362
	0.17178125, 5.052739038E-03, 1.68977265
	0.18178125, 5.346877021E-03, 1.45272148
	0.19178125, 5.641015004E-03, 1.22882425
	0.20178125, 5.935152987E-03, 1.01994698
	0.21178125, 6.229290969E-03, 0.827548421
	0.22178125, 6.523428952E-03, 0.652735065
	0.23178125, 6.817566935E-03, 0.496305847
	0.24178125, 7.111704918E-03, 0.358787789
	0.25178125, 7.405842901E-03, 0.240465148
	0.26178125, 7.699980884E-03, 0.141401957
	0.27178125, 7.994118867E-03, 6.146009766E-02
	0.28178125, 8.28825685E-03, 3.132458269E-04
	0.29178125, 8.582394833E-03, -4.254191008E-02
	0.30178125, 8.876532816E-03, -6.77766382E-02
	0.31178125, 9.170670799E-03, -7.622165332E-02
	0.32178125, 9.464808781E-03, -6.885759152E-02
	0.33178125, 9.758946764E-03, -4.680335191E-02
	0.34178125, 1.005308475E-02, -1.130042951E-02
	0.35178125, 1.034722273E-02, 3.630861453E-02
	0.36178125, 1.064136071E-02, 9.460761578E-02
	0.37178125, 1.09354987E-02, 0.162141359
	0.38178125, 1.122963668E-02, 0.237455788
	0.39178125, 1.152377466E-02, 0.319141416
	0.40178125, 1.181791264E-02, 0.405877272
	0.41178125, 1.211205063E-02, 0.496470276
	0.42178125, 1.240618861E-02, 0.589886836
	0.43178125, 1.270032659E-02, 0.685271445
	0.44178125, 1.299446458E-02, 0.781951164
	0.45178125, 1.328860256E-02, 0.879444019
	0.46178125, 1.358274054E-02, 0.977349827
	0.47178125, 1.387687853E-02, 1.07544499
	0.48178125, 1.417101651E-02, 1.17353784
	0.49178125, 1.446515449E-02, 1.27144314
	0.50178125, 1.475929247E-02, 1.36892923
	0.51178125, 1.505343046E-02, 1.46566843
	0.52178125, 1.534756844E-02, 1.56119626
	0.53178125, 1.564170642E-02, 1.65488167
	0.54178125, 1.593584441E-02, 1.74591138
	0.55178125, 1.622998239E-02, 1.8332893
	0.56178125, 1.652412037E-02, 1.9158503
	0.57178125, 1.681825835E-02, 1.99228713
	0.58178125, 1.711239634E-02, 2.06118674
	0.59178125, 1.740653432E-02, 2.12107214
	0.60178125, 1.77006723E-02, 2.17091292
	0.61178125, 1.799481029E-02, 2.20782503
	0.62178125, 1.828894827E-02, 2.23219834
	0.63178125, 1.858308625E-02, 2.24159849
	0.64178125, 1.887722423E-02, 2.2350239
	0.65178125, 1.917136222E-02, 2.2104008
	0.66178125, 1.94655002E-02, 2.16880464
	0.67178125, 1.975963818E-02, 2.10795769
	0.68178125, 2.005377617E-02, 2.02769649
	0.69178125, 2.034791415E-02, 1.92838712
	0.70178125, 2.064205213E-02, 1.8081797
	0.71178125, 2.093619012E-02, 1.66764025
	0.72178125, 2.12303281E-02, 1.50692995
	0.73178125, 2.152446608E-02, 1.32728395
	0.74178125, 2.181860406E-02, 1.12908403
	0.75178125, 2.211274205E-02, 0.913571329
	0.76178125, 2.240688003E-02, 0.682450755
	0.77178125, 2.270101801E-02, 0.437982777
	0.78178125, 2.2995156E-02, 0.1830819
	0.79178125, 2.328929398E-02, -7.853921403E-02
	0.80178125, 2.358343196E-02, -0.342241781
	0.81178125, 2.387756994E-02, -0.602291368
	0.82178125, 2.417170793E-02, -0.851516972
	0.83178125, 2.446584591E-02, -1.0819731
	0.84178125, 2.475998389E-02, -1.28344643
	0.85178125, 2.505412188E-02, -1.44363492
	0.86178125, 2.534825986E-02, -1.54787499
	0.87178125, 2.564239784E-02, -1.58139079
	0.88178125, 2.593653582E-02, -1.52488625
	0.89178125, 2.623067381E-02, -1.35618546
	0.90178125, 2.652481179E-02, -1.05108553
	0.91178125, 2.681894977E-02, -0.581096267
	0.92178125, 2.711308776E-02, 8.58548512E-02
	0.93178125, 2.740722574E-02, 0.985871355
	0.94178125, 2.770136372E-02, 2.1592252
	0.95178125, 2.799550171E-02, 3.65037787
	0.96178125, 2.828963969E-02, 5.50791464
	0.97178125, 2.858377767E-02, 7.78450298
	0.98178125, 2.887791565E-02, 10.5369447
	0.99178125, 2.917205364E-02, 13.8264664
	1, 2.941379829E-02, 16.9785425
