	5.E-03, 4.E-04, 2.5E-03, 2.5E-03, 2.E-03, 1.E-02, 5.E-03, 5.E-03, 2.E-03, 3.5E-02, 4.E-03, 0, 0.2618, 0, 0.349066667
	1.E-03, 5.435212365E-06, 0.253373598
	2.E-03, 1.087042473E-05, 0.505263721
	3.5E-03, 1.902324328E-05, 0.880326494
	5.75E-03, 3.12524711E-05, 1.43670942
	9.125E-03, 4.959631283E-05, 2.25740021
	1.41875E-02, 7.711207543E-05, 3.45750502
	2.178125E-02, 1.183857193E-04, 5.18909738
	3.178125E-02, 1.72737843E-04, 7.34651875
	4.178125E-02, 2.270899666E-04, 9.36792833
	5.178125E-02, 2.814420903E-04, 11.2572185
	6.178125E-02, 3.357942139E-04, 13.0182154
	7.178125E-02, 3.901463376E-04, 14.654691
	8.178125E-02, 4.444984613E-04, 16.1703529
	9.178125E-02, 4.988505849E-04, 17.5688413
	0.10178125, 5.532027086E-04, 18.8537269
	0.11178125, 6.075548322E-04, 20.028508
	0.12178125, 6.619069559E-04, 21.096609
	0.13178125, 7.162590795E-04, 22.0613778
	0.14178125, 7.706112032E-04, 22.9260853
	0.15178125, 8.249633268E-04, 23.6939227
	0.16178125, 8.793154505E-04, 24.3680021
	0.17178125, 9.336675741E-04, 24.9513546
	0.18178125, 9.880196978E-04, 25.4469308
	0.19178125, 1.042371821E-03, 25.8576007
	0.20178125, 1.096723945E-03, 26.1861537
	0.21178125, 1.151076069E-03, 26.4352999
	0.22178125, 1.205428192E-03, 26.6076706
	0.23178125, 1.259780316E-03, 26.7058201
	0.24178125, 1.31413244E-03, 26.7322267
	0.25178125, 1.368484563E-03, 26.6892951
	0.26178125, 1.422836687E-03, 26.5793583
	0.27178125, 1.477188811E-03, 26.4046798
	0.28178125, 1.531540934E-03, 26.1674563
	0.29178125, 1.585893058E-03, 25.8698204
	0.30178125, 1.640245182E-03, 25.5138434
	0.31178125, 1.694597305E-03, 25.1015387
	0.32178125, 1.748949429E-03, 24.6348648
	0.33178125, 1.803301553E-03, 24.1157288
	0.34178125, 1.857653676E-03, 23.5459901
	0.35178125, 1.9120058E-03, 22.927464
	0.36178125, 1.966357924E-03, 22.2619258
	0.37178125, 2.020710047E-03, 21.5511146
	0.38178125, 2.075062171E-03, 20.7967381
	0.39178125, 2.129414294E-03, 20.0004766
	0.40178125, 2.183766418E-03, 19.1639882
	0.41178125, 2.238118542E-03, 18.2889133
	0.42178125, 2.292470665E-03, 17.3768803
	0.43178125, 2.346822789E-03, 16.429511
	0.44178125, 2.401174913E-03, 15.4484269
	0.45178125, 2.455527036E-03, 14.435255
	0.46178125, 2.50987916E-03, 13.3916356
	0.47178125, 2.564231284E-03, 12.3192288
	0.48178125, 2.618583407E-03, 11.2197234
	0.49178125, 2.672935531E-03, 10.094845
	0.50178125, 2.727287655E-03, 8.94636601
	0.51178125, 2.781639778E-03, 7.77611583
	0.52178125, 2.835991902E-03, 6.58599219
	0.53178125, 2.890344026E-03, 5.37797341
	0.54178125, 2.944696149E-03, 4.15413223
	0.55178125, 2.999048273E-03, 2.91665022
	0.56178125, 3.053400397E-03, 1.66783377
	0.57178125, 3.10775252E-03, 0.410131516
	0.58178125, 3.162104644E-03, -0.853847303
	0.59178125, 3.216456768E-03, -2.12131266
	0.60178125, 3.270808891E-03, -3.38927306
	0.61178125, 3.325161015E-03, -4.65451325
	0.62178125, 3.379513139E-03, -5.91357171
	0.63178125, 3.433865262E-03, -7.16271769
	0.64178125, 3.488217386E-03, -8.39792871
	0.65178125, 3.542569509E-03, -9.61486933
	0.66178125, 3.596921633E-03, -10.8088721
	0.67178125, 3.651273757E-03, -11.9749219
	0.68178125, 3.70562588E-03, -13.1076449
	0.69178125, 3.759978004E-03, -14.2013052
	0.70178125, 3.814330128E-03, -15.2498073
	0.71178125, 3.868682251E-03, -16.2467111
	0.72178125, 3.923034375E-03, -17.1852553
	0.73178125, 3.977386499E-03, -18.058395
	0.74178125, 4.031738622E-03, -18.8588501
	0.75178125, 4.086090746E-03, -19.579166
	0.76178125, 4.14044287E-03, -20.2117849
	0.77178125, 4.194794993E-03, -20.7491241
	0.78178125, 4.249147117E-03, -21.1836597
	0.79178125, 4.303499241E-03, -21.5080088
	0.80178125, 4.357851364E-03, -21.7150106
	0.81178125, 4.412203488E-03, -21.7977968
	0.82178125, 4.466555612E-03, -21.749851
	0.83178125, 4.520907735E-03, -21.5650551
	0.84178125, 4.575259859E-03, -21.2377173
	0.85178125, 4.629611983E-03, -20.7625866
	0.86178125, 4.683964106E-03, -20.1348493
	0.87178125, 4.73831623E-03, -19.3501131
	0.88178125, 4.792668353E-03, -18.4043797
	0.89178125, 4.847020477E-03, -17.2940079
	0.90178125, 4.901372601E-03, -16.0156711
	0.91178125, 4.955724724E-03, -14.5663122
	0.92178125, 5.010076848E-03, -12.9430963
	0.93178125, 5.064428972E-03, -11.1433657
	0.94178125, 5.118781095E-03, -9.16459544
	0.95178125, 5.173133219E-03, -7.00435468
	0.96178125, 5.227485343E-03, -4.66026968
	0.97178125, 5.281837466E-03, -2.12999239
	0.98178125, 5.33618959E-03, 0.588827395
	0.99178125, 5.390541714E-03, 3.49856531
	1, 5.435212365E-03, 6.03465442
