	5.E-03, 4.E-04, 2.5E-03, 2.5E-03, 4.4E-03, 1.E-02, 5.E-03, 5.E-03, 2.E-03, 3.5E-02, 4.E-03, 0, 0.2618, 0, 0.349066667
	1.E-03, 5.435212365E-06, 5.915499255E-02
	2.E-03, 1.087042473E-05, 0.117885673
	3.5E-03, 1.902324328E-05, 0.205191308
	5.75E-03, 3.12524711E-05, 0.334388036
	9.125E-03, 4.959631283E-05, 0.524273935
	1.41875E-02, 7.711207543E-05, 0.800488405
	2.178125E-02, 1.183857193E-04, 1.19602342
	3.178125E-02, 1.72737843E-04, 1.68398726
	4.178125E-02, 2.270899666E-04, 2.13651947
	5.178125E-02, 2.814420903E-04, 2.55562498
	6.178125E-02, 3.357942139E-04, 2.94317857
	7.178125E-02, 3.901463376E-04, 3.30093968
	8.178125E-02, 4.444984613E-04, 3.63055262
	9.178125E-02, 4.988505849E-04, 3.93355304
	0.10178125, 5.532027086E-04, 4.21137417
	0.11178125, 6.075548322E-04, 4.46535284
	0.12178125, 6.619069559E-04, 4.69673568
	0.13178125, 7.162590795E-04, 4.90668501
	0.14178125, 7.706112032E-04, 5.09628499
	0.15178125, 8.249633268E-04, 5.26654617
	0.16178125, 8.793154505E-04, 5.41841165
	0.17178125, 9.336675741E-04, 5.55276147
	0.18178125, 9.880196978E-04, 5.67041715
	0.19178125, 1.042371821E-03, 5.77214623
	0.20178125, 1.096723945E-03, 5.85866607
	0.21178125, 1.151076069E-03, 5.93064772
	0.22178125, 1.205428192E-03, 5.98871921
	0.23178125, 1.259780316E-03, 6.03346886
	0.24178125, 1.31413244E-03, 6.06544826
	0.25178125, 1.368484563E-03, 6.08517495
	0.26178125, 1.422836687E-03, 6.09313498
	0.27178125, 1.477188811E-03, 6.08978524
	0.28178125, 1.531540934E-03, 6.07555565
	0.29178125, 1.585893058E-03, 6.05085109
	0.30178125, 1.640245182E-03, 6.01605339
	0.31178125, 1.694597305E-03, 5.97152282
	0.32178125, 1.748949429E-03, 5.91759988
	0.33178125, 1.803301553E-03, 5.85460669
	0.34178125, 1.857653676E-03, 5.78284823
	0.35178125, 1.9120058E-03, 5.70261372
	0.36178125, 1.966357924E-03, 5.61417789
	0.37178125, 2.020710047E-03, 5.51780169
	0.38178125, 2.075062171E-03, 5.41373386
	0.39178125, 2.129414294E-03, 5.30221132
	0.40178125, 2.183766418E-03, 5.18346043
	0.41178125, 2.238118542E-03, 5.05769772
	0.42178125, 2.292470665E-03, 4.9251306
	0.43178125, 2.346822789E-03, 4.78595822
	0.44178125, 2.401174913E-03, 4.64037215
	0.45178125, 2.455527036E-03, 4.48855702
	0.46178125, 2.50987916E-03, 4.33069111
	0.47178125, 2.564231284E-03, 4.16694727
	0.48178125, 2.618583407E-03, 3.99749317
	0.49178125, 2.672935531E-03, 3.82249214
	0.50178125, 2.727287655E-03, 3.64210368
	0.51178125, 2.781639778E-03, 3.45648409
	0.52178125, 2.835991902E-03, 3.26578712
	0.53178125, 2.890344026E-03, 3.07016449
	0.54178125, 2.944696149E-03, 2.86976663
	0.55178125, 2.999048273E-03, 2.66474318
	0.56178125, 3.053400397E-03, 2.45524411
	0.57178125, 3.10775252E-03, 2.24142007
	0.58178125, 3.162104644E-03, 2.02342319
	0.59178125, 3.216456768E-03, 1.80140838
	0.60178125, 3.270808891E-03, 1.57553408
	0.61178125, 3.325161015E-03, 1.34596331
	0.62178125, 3.379513139E-03, 1.11286496
	0.63178125, 3.433865262E-03, 0.87641548
	0.64178125, 3.488217386E-03, 0.636799932
	0.65178125, 3.542569509E-03, 0.394214252
	0.66178125, 3.596921633E-03, 0.148867196
	0.67178125, 3.651273757E-03, -9.901725483E-02
	0.68178125, 3.70562588E-03, -0.349196943
	0.69178125, 3.759978004E-03, -0.601408544
	0.70178125, 3.814330128E-03, -0.855363462
	0.71178125, 3.868682251E-03, -1.11074345
	0.72178125, 3.923034375E-03, -1.36719556
	0.73178125, 3.977386499E-03, -1.62432526
	0.74178125, 4.031738622E-03, -1.88168973
	0.75178125, 4.086090746E-03, -2.13878796
	0.76178125, 4.14044287E-03, -2.3950515
	0.77178125, 4.194794993E-03, -2.64983046
	0.78178125, 4.249147117E-03, -2.90237843
	0.79178125, 4.303499241E-03, -3.15183387
	0.80178125, 4.357851364E-03, -3.39719805
	0.81178125, 4.412203488E-03, -3.63730679
	0.82178125, 4.466555612E-03, -3.87079857
	0.83178125, 4.520907735E-03, -4.09607396
	0.84178125, 4.575259859E-03, -4.31124801
	0.85178125, 4.629611983E-03, -4.51409287
	0.86178125, 4.683964106E-03, -4.70197079
	0.87178125, 4.73831623E-03, -4.8717553
	0.88178125, 4.792668353E-03, -5.01974322
	0.89178125, 4.847020477E-03, -5.14155954
	0.90178125, 4.901372601E-03, -5.23206053
	0.91178125, 4.955724724E-03, -5.2852488
	0.92178125, 5.010076848E-03, -5.29421756
	0.93178125, 5.064428972E-03, -5.25115082
	0.94178125, 5.118781095E-03, -5.14741417
	0.95178125, 5.173133219E-03, -4.97376809
	0.96178125, 5.227485343E-03, -4.72072574
	0.97178125, 5.281837466E-03, -4.3790439
	0.98178125, 5.33618959E-03, -3.94029312
	0.99178125, 5.390541714E-03, -3.39740514
	1, 5.435212365E-03, -2.86923499
