	5.E-03, 4.E-04, 2.5E-03, 2.5E-03, 5.6E-03, 1.E-02, 5.E-03, 5.E-03, 2.E-03, 3.5E-02, 4.E-03, 0, 0.2618, 0, 0.349066667
	1.E-03, 5.435212365E-06, 3.264477498E-02
	2.E-03, 1.087042473E-05, 6.505583904E-02
	3.5E-03, 1.902324328E-05, 0.113237375
	5.75E-03, 3.12524711E-05, 0.184540754
	9.125E-03, 4.959631283E-05, 0.289348621
	1.41875E-02, 7.711207543E-05, 0.441837272
	2.178125E-02, 1.183857193E-04, 0.660295947
	3.178125E-02, 1.72737843E-04, 0.930041265
	4.178125E-02, 2.270899666E-04, 1.18054346
	5.178125E-02, 2.814420903E-04, 1.41294986
	6.178125E-02, 3.357942139E-04, 1.62832062
	7.178125E-02, 3.901463376E-04, 1.82764092
	8.178125E-02, 4.444984613E-04, 2.01182331
	9.178125E-02, 4.988505849E-04, 2.18171273
	0.10178125, 5.532027086E-04, 2.33809223
	0.11178125, 6.075548322E-04, 2.48168762
	0.12178125, 6.619069559E-04, 2.61317196
	0.13178125, 7.162590795E-04, 2.73316995
	0.14178125, 7.706112032E-04, 2.84226188
	0.15178125, 8.249633268E-04, 2.94098663
	0.16178125, 8.793154505E-04, 3.02984588
	0.17178125, 9.336675741E-04, 3.10930653
	0.18178125, 9.880196978E-04, 3.17980361
	0.19178125, 1.042371821E-03, 3.24174293
	0.20178125, 1.096723945E-03, 3.29550328
	0.21178125, 1.151076069E-03, 3.34143866
	0.22178125, 1.205428192E-03, 3.37988026
	0.23178125, 1.259780316E-03, 3.41113816
	0.24178125, 1.31413244E-03, 3.43550301
	0.25178125, 1.368484563E-03, 3.45324757
	0.26178125, 1.422836687E-03, 3.46462805
	0.27178125, 1.477188811E-03, 3.46988537
	0.28178125, 1.531540934E-03, 3.46924633
	0.29178125, 1.585893058E-03, 3.46292466
	0.30178125, 1.640245182E-03, 3.45112205
	0.31178125, 1.694597305E-03, 3.43402897
	0.32178125, 1.748949429E-03, 3.41182555
	0.33178125, 1.803301553E-03, 3.38468228
	0.34178125, 1.857653676E-03, 3.35276088
	0.35178125, 1.9120058E-03, 3.31621478
	0.36178125, 1.966357924E-03, 3.27518976
	0.37178125, 2.020710047E-03, 3.22982461
	0.38178125, 2.075062171E-03, 3.18025158
	0.39178125, 2.129414294E-03, 3.12659673
	0.40178125, 2.183766418E-03, 3.06898079
	0.41178125, 2.238118542E-03, 3.00751901
	0.42178125, 2.292470665E-03, 2.94232234
	0.43178125, 2.346822789E-03, 2.87349689
	0.44178125, 2.401174913E-03, 2.80114503
	0.45178125, 2.455527036E-03, 2.72536538
	0.46178125, 2.50987916E-03, 2.64625327
	0.47178125, 2.564231284E-03, 2.56390104
	0.48178125, 2.618583407E-03, 2.47839833
	0.49178125, 2.672935531E-03, 2.38983232
	0.50178125, 2.727287655E-03, 2.29828819
	0.51178125, 2.781639778E-03, 2.20384928
	0.52178125, 2.835991902E-03, 2.10659753
	0.53178125, 2.890344026E-03, 2.00661352
	0.54178125, 2.944696149E-03, 1.90397716
	0.55178125, 2.999048273E-03, 1.79876762
	0.56178125, 3.053400397E-03, 1.69106395
	0.57178125, 3.10775252E-03, 1.58094532
	0.58178125, 3.162104644E-03, 1.4684915
	0.59178125, 3.216456768E-03, 1.35378288
	0.60178125, 3.270808891E-03, 1.23690155
	0.61178125, 3.325161015E-03, 1.11793127
	0.62178125, 3.379513139E-03, 0.996958017
	0.63178125, 3.433865262E-03, 0.874070887
	0.64178125, 3.488217386E-03, 0.749362529
	0.65178125, 3.542569509E-03, 0.622929734
	0.66178125, 3.596921633E-03, 0.49487466
	0.67178125, 3.651273757E-03, 0.365305368
	0.68178125, 3.70562588E-03, 0.234337117
	0.69178125, 3.759978004E-03, 0.102093579
	0.70178125, 3.814330128E-03, -3.129193563E-02
	0.71178125, 3.868682251E-03, -0.165674518
	0.72178125, 3.923034375E-03, -0.300895987
	0.73178125, 3.977386499E-03, -0.436782806
	0.74178125, 4.031738622E-03, -0.573143172
	0.75178125, 4.086090746E-03, -0.709764029
	0.76178125, 4.14044287E-03, -0.846407757
	0.77178125, 4.194794993E-03, -0.982807397
	0.78178125, 4.249147117E-03, -1.11866216
	0.79178125, 4.303499241E-03, -1.2536309
	0.80178125, 4.357851364E-03, -1.38732518
	0.81178125, 4.412203488E-03, -1.51930029
	0.82178125, 4.466555612E-03, -1.64904498
	0.83178125, 4.520907735E-03, -1.77596892
	0.84178125, 4.575259859E-03, -1.89938688
	0.85178125, 4.629611983E-03, -2.01850052
	0.86178125, 4.683964106E-03, -2.13237632
	0.87178125, 4.73831623E-03, -2.23991752
	0.88178125, 4.792668353E-03, -2.33983203
	0.89178125, 4.847020477E-03, -2.43059311
	0.90178125, 4.901372601E-03, -2.51039233
	0.91178125, 4.955724724E-03, -2.57708577
	0.92178125, 5.010076848E-03, -2.62813086
	0.93178125, 5.064428972E-03, -2.66051847
	0.94178125, 5.118781095E-03, -2.67070112
	0.95178125, 5.173133219E-03, -2.65452569
	0.96178125, 5.227485343E-03, -2.60718275
	0.97178125, 5.281837466E-03, -2.52318944
	0.98178125, 5.33618959E-03, -2.39643043
	0.99178125, 5.390541714E-03, -2.22028282
	1, 5.435212365E-03, -2.03369867
