	5.E-03, 4.E-04, 2.5E-03, 2.5E-03, 3.6E-03, 1.E-02, 5.E-03, 5.E-03, 2.E-03, 3.5E-02, 4.E-03, 0, 0.2618, 0, 0.349066667
	1.E-03, 5.435212365E-06, 9.255635643E-02
	2.E-03, 1.087042473E-05, 0.184469594
	3.5E-03, 1.902324328E-05, 0.321140884
	5.75E-03, 3.12524711E-05, 0.523472167
	9.125E-03, 4.959631283E-05, 0.8210204
	1.41875E-02, 7.711207543E-05, 1.25419662
	2.178125E-02, 1.183857193E-04, 1.87517161
	3.178125E-02, 1.72737843E-04, 2.64220834
	4.178125E-02, 2.270899666E-04, 3.35428561
	5.178125E-02, 2.814420903E-04, 4.01417765
	6.178125E-02, 3.357942139E-04, 4.62452142
	7.178125E-02, 3.901463376E-04, 5.18782751
	8.178125E-02, 4.444984613E-04, 5.70647582
	9.178125E-02, 4.988505849E-04, 6.18271766
	0.10178125, 5.532027086E-04, 6.61867974
	0.11178125, 6.075548322E-04, 7.01636771
	0.12178125, 6.619069559E-04, 7.37767138
	0.13178125, 7.162590795E-04, 7.70436925
	0.14178125, 7.706112032E-04, 7.99813418
	0.15178125, 8.249633268E-04, 8.26053843
	0.16178125, 8.793154505E-04, 8.49305925
	0.17178125, 9.336675741E-04, 8.69708444
	0.18178125, 9.880196978E-04, 8.87391714
	0.19178125, 1.042371821E-03, 9.02478144
	0.20178125, 1.096723945E-03, 9.15082707
	0.21178125, 1.151076069E-03, 9.25313414
	0.22178125, 1.205428192E-03, 9.33271773
	0.23178125, 1.259780316E-03, 9.39053227
	0.24178125, 1.31413244E-03, 9.42747537
	0.25178125, 1.368484563E-03, 9.44439177
	0.26178125, 1.422836687E-03, 9.44207701
	0.27178125, 1.477188811E-03, 9.42128079
	0.28178125, 1.531540934E-03, 9.38270999
	0.29178125, 1.585893058E-03, 9.32703183
	0.30178125, 1.640245182E-03, 9.25487663
	0.31178125, 1.694597305E-03, 9.16684026
	0.32178125, 1.748949429E-03, 9.0634867
	0.33178125, 1.803301553E-03, 8.94535036
	0.34178125, 1.857653676E-03, 8.81293801
	0.35178125, 1.9120058E-03, 8.66673098
	0.36178125, 1.966357924E-03, 8.50718688
	0.37178125, 2.020710047E-03, 8.33474152
	0.38178125, 2.075062171E-03, 8.14981023
	0.39178125, 2.129414294E-03, 7.95278978
	0.40178125, 2.183766418E-03, 7.74405972
	0.41178125, 2.238118542E-03, 7.5239836
	0.42178125, 2.292470665E-03, 7.29291045
	0.43178125, 2.346822789E-03, 7.0511761
	0.44178125, 2.401174913E-03, 6.79910419
	0.45178125, 2.455527036E-03, 6.53700753
	0.46178125, 2.50987916E-03, 6.26518902
	0.47178125, 2.564231284E-03, 5.98394306
	0.48178125, 2.618583407E-03, 5.69355627
	0.49178125, 2.672935531E-03, 5.39430908
	0.50178125, 2.727287655E-03, 5.08647619
	0.51178125, 2.781639778E-03, 4.77032837
	0.52178125, 2.835991902E-03, 4.44613303
	0.53178125, 2.890344026E-03, 4.11415592
	0.54178125, 2.944696149E-03, 3.77466212
	0.55178125, 2.999048273E-03, 3.42791735
	0.56178125, 3.053400397E-03, 3.0741898
	0.57178125, 3.10775252E-03, 2.71375136
	0.58178125, 3.162104644E-03, 2.34687969
	0.59178125, 3.216456768E-03, 1.9738602
	0.60178125, 3.270808891E-03, 1.59498794
	0.61178125, 3.325161015E-03, 1.2105708
	0.62178125, 3.379513139E-03, 0.820931834
	0.63178125, 3.433865262E-03, 0.426412843
	0.64178125, 3.488217386E-03, 2.73781812E-02
	0.65178125, 3.542569509E-03, -0.375780798
	0.66178125, 3.596921633E-03, -0.782640567
	0.67178125, 3.651273757E-03, -1.19273945
	0.68178125, 3.70562588E-03, -1.60557069
	0.69178125, 3.759978004E-03, -2.02057368
	0.70178125, 3.814330128E-03, -2.43712471
	0.71178125, 3.868682251E-03, -2.85452489
	0.72178125, 3.923034375E-03, -3.27198675
	0.73178125, 3.977386499E-03, -3.68861751
	0.74178125, 4.031738622E-03, -4.10339928
	0.75178125, 4.086090746E-03, -4.51516617
	0.76178125, 4.14044287E-03, -4.9225757
	0.77178125, 4.194794993E-03, -5.32407569
	0.78178125, 4.249147117E-03, -5.7178638
	0.79178125, 4.303499241E-03, -6.10184034
	0.80178125, 4.357851364E-03, -6.47355227
	0.81178125, 4.412203488E-03, -6.83012741
	0.82178125, 4.466555612E-03, -7.16819945
	0.83178125, 4.520907735E-03, -7.48382317
	0.84178125, 4.575259859E-03, -7.77238282
	0.85178125, 4.629611983E-03, -8.02849769
	0.86178125, 4.683964106E-03, -8.24593357
	0.87178125, 4.73831623E-03, -8.41753382
	0.88178125, 4.792668353E-03, -8.53519035
	0.89178125, 4.847020477E-03, -8.58987799
	0.90178125, 4.901372601E-03, -8.57178308
	0.91178125, 4.955724724E-03, -8.47054889
	0.92178125, 5.010076848E-03, -8.27564692
	0.93178125, 5.064428972E-03, -7.97685561
	0.94178125, 5.118781095E-03, -7.56479166
	0.95178125, 5.173133219E-03, -7.03140998
	0.96178125, 5.227485343E-03, -6.37037934
	0.97178125, 5.281837466E-03, -5.57726177
	0.98178125, 5.33618959E-03, -4.64947353
	0.99178125, 5.390541714E-03, -3.58605755
	1, 5.435212365E-03, -2.61048842
