	5.E-03, 4.E-04, 2.5E-03, 2.5E-03, 2.8E-03, 1.E-02, 5.E-03, 5.E-03, 2.E-03, 3.5E-02, 4.E-03, 0, 0.2618, 0, 0.349066667
	1.E-03, 5.435212365E-06, 0.151419948
	2.E-03, 1.087042473E-05, 0.301859374
	3.5E-03, 1.902324328E-05, 0.525688032
	5.75E-03, 3.12524711E-05, 0.857337691
	9.125E-03, 4.959631283E-05, 1.34568645
	1.41875E-02, 7.711207543E-05, 2.05796018
	2.178125E-02, 1.183857193E-04, 3.08175729
	3.178125E-02, 1.72737843E-04, 4.35072427
	4.178125E-02, 2.270899666E-04, 5.53293152
	5.178125E-02, 2.814420903E-04, 6.63188354
	6.178125E-02, 3.357942139E-04, 7.65098237
	7.178125E-02, 3.901463376E-04, 8.59353494
	8.178125E-02, 4.444984613E-04, 9.46274054
	9.178125E-02, 4.988505849E-04, 10.2616868
	0.10178125, 5.532027086E-04, 10.9933474
	0.11178125, 6.075548322E-04, 11.6605798
	0.12178125, 6.619069559E-04, 12.2661242
	0.13178125, 7.162590795E-04, 12.8126051
	0.14178125, 7.706112032E-04, 13.3025312
	0.15178125, 8.249633268E-04, 13.7382975
	0.16178125, 8.793154505E-04, 14.1221878
	0.17178125, 9.336675741E-04, 14.4563778
	0.18178125, 9.880196978E-04, 14.7429378
	0.19178125, 1.042371821E-03, 14.983837
	0.20178125, 1.096723945E-03, 15.1809466
	0.21178125, 1.151076069E-03, 15.3360446
	0.22178125, 1.205428192E-03, 15.4508195
	0.23178125, 1.259780316E-03, 15.5268744
	0.24178125, 1.31413244E-03, 15.5657313
	0.25178125, 1.368484563E-03, 15.5688354
	0.26178125, 1.422836687E-03, 15.537559
	0.27178125, 1.477188811E-03, 15.4732054
	0.28178125, 1.531540934E-03, 15.3770131
	0.29178125, 1.585893058E-03, 15.2501594
	0.30178125, 1.640245182E-03, 15.0937642
	0.31178125, 1.694597305E-03, 14.9088932
	0.32178125, 1.748949429E-03, 14.6965619
	0.33178125, 1.803301553E-03, 14.457738
	0.34178125, 1.857653676E-03, 14.1933457
	0.35178125, 1.9120058E-03, 13.9042674
	0.36178125, 1.966357924E-03, 13.5913478
	0.37178125, 2.020710047E-03, 13.2553957
	0.38178125, 2.075062171E-03, 12.8971875
	0.39178125, 2.129414294E-03, 12.5174693
	0.40178125, 2.183766418E-03, 12.1169593
	0.41178125, 2.238118542E-03, 11.6963508
	0.42178125, 2.292470665E-03, 11.2563139
	0.43178125, 2.346822789E-03, 10.7974986
	0.44178125, 2.401174913E-03, 10.3205364
	0.45178125, 2.455527036E-03, 9.82604295
	0.46178125, 2.50987916E-03, 9.31462044
	0.47178125, 2.564231284E-03, 8.78685993
	0.48178125, 2.618583407E-03, 8.24334366
	0.49178125, 2.672935531E-03, 7.68464758
	0.50178125, 2.727287655E-03, 7.11134425
	0.51178125, 2.781639778E-03, 6.52400534
	0.52178125, 2.835991902E-03, 5.92320487
	0.53178125, 2.890344026E-03, 5.30952242
	0.54178125, 2.944696149E-03, 4.68354669
	0.55178125, 2.999048273E-03, 4.04587956
	0.56178125, 3.053400397E-03, 3.39714031
	0.57178125, 3.10775252E-03, 2.73797098
	0.58178125, 3.162104644E-03, 2.06904162
	0.59178125, 3.216456768E-03, 1.39105683
	0.60178125, 3.270808891E-03, 0.704762825
	0.61178125, 3.325161015E-03, 1.095630462E-02
	0.62178125, 3.379513139E-03, -0.689506581
	0.63178125, 3.433865262E-03, -1.3956985
	0.64178125, 3.488217386E-03, -2.10660877
	0.65178125, 3.542569509E-03, -2.8211279
	0.66178125, 3.596921633E-03, -3.53803047
	0.67178125, 3.651273757E-03, -4.25595528
	0.68178125, 3.70562588E-03, -4.9733817
	0.69178125, 3.759978004E-03, -5.68860266
	0.70178125, 3.814330128E-03, -6.39969347
	0.71178125, 3.868682251E-03, -7.10447545
	0.72178125, 3.923034375E-03, -7.80047486
	0.73178125, 3.977386499E-03, -8.48487531
	0.74178125, 4.031738622E-03, -9.15446586
	0.75178125, 4.086090746E-03, -9.80558222
	0.76178125, 4.14044287E-03, -10.4340444
	0.77178125, 4.194794993E-03, -11.0350923
	0.78178125, 4.249147117E-03, -11.6033216
	0.79178125, 4.303499241E-03, -12.1326261
	0.80178125, 4.357851364E-03, -12.6161552
	0.81178125, 4.412203488E-03, -13.0462941
	0.82178125, 4.466555612E-03, -13.4146799
	0.83178125, 4.520907735E-03, -13.712267
	0.84178125, 4.575259859E-03, -13.9294518
	0.85178125, 4.629611983E-03, -14.0562633
	0.86178125, 4.683964106E-03, -14.0826169
	0.87178125, 4.73831623E-03, -13.998617
	0.88178125, 4.792668353E-03, -13.7948816
	0.89178125, 4.847020477E-03, -13.4628508
	0.90178125, 4.901372601E-03, -12.9950418
	0.91178125, 4.955724724E-03, -12.3852187
	0.92178125, 5.010076848E-03, -11.6284574
	0.93178125, 5.064428972E-03, -10.7211098
	0.94178125, 5.118781095E-03, -9.66067987
	0.95178125, 5.173133219E-03, -8.44564209
	0.96178125, 5.227485343E-03, -7.07523042
	0.97178125, 5.281837466E-03, -5.54922513
	0.98178125, 5.33618959E-03, -3.86775729
	0.99178125, 5.390541714E-03, -2.03114298
	1, 5.435212365E-03, -0.405678928
