	5.E-03, 4.E-04, 2.5E-03, 2.5E-03, 3.2E-03, 1.E-02, 5.E-03, 5.E-03, 2.E-03, 3.5E-02, 4.E-03, 0, 0.2618, 0, 0.349066667
	1.E-03, 5.435212365E-06, 0.117818583
	2.E-03, 1.087042473E-05, 0.234842567
	3.5E-03, 1.902324328E-05, 0.408896191
	5.75E-03, 3.12524711E-05, 0.666665175
	9.125E-03, 4.959631283E-05, 1.04594641
	1.41875E-02, 7.711207543E-05, 1.59854493
	2.178125E-02, 1.183857193E-04, 2.39159457
	3.178125E-02, 1.72737843E-04, 3.3725523
	4.178125E-02, 2.270899666E-04, 4.28448846
	5.178125E-02, 2.814420903E-04, 5.13057361
	6.178125E-02, 3.357942139E-04, 5.91385284
	7.178125E-02, 3.901463376E-04, 6.63725405
	8.178125E-02, 4.444984613E-04, 7.30357943
	9.178125E-02, 4.988505849E-04, 7.91550454
	0.10178125, 5.532027086E-04, 8.47557914
	0.11178125, 6.075548322E-04, 8.98622818
	0.12178125, 6.619069559E-04, 9.44975439
	0.13178125, 7.162590795E-04, 9.86834149
	0.14178125, 7.706112032E-04, 10.2440577
	0.15178125, 8.249633268E-04, 10.5788599
	0.16178125, 8.793154505E-04, 10.874598
	0.17178125, 9.336675741E-04, 11.13302
	0.18178125, 9.880196978E-04, 11.3557762
	0.19178125, 1.042371821E-03, 11.5444245
	0.20178125, 1.096723945E-03, 11.7004351
	0.21178125, 1.151076069E-03, 11.8251952
	0.22178125, 1.205428192E-03, 11.9200141
	0.23178125, 1.259780316E-03, 11.9861268
	0.24178125, 1.31413244E-03, 12.0246996
	0.25178125, 1.368484563E-03, 12.0368336
	0.26178125, 1.422836687E-03, 12.0235688
	0.27178125, 1.477188811E-03, 11.9858881
	0.28178125, 1.531540934E-03, 11.9247211
	0.29178125, 1.585893058E-03, 11.8409471
	0.30178125, 1.640245182E-03, 11.7353991
	0.31178125, 1.694597305E-03, 11.6088664
	0.32178125, 1.748949429E-03, 11.4620976
	0.33178125, 1.803301553E-03, 11.2958037
	0.34178125, 1.857653676E-03, 11.1106604
	0.35178125, 1.9120058E-03, 10.9073107
	0.36178125, 1.966357924E-03, 10.6863672
	0.37178125, 2.020710047E-03, 10.4484147
	0.38178125, 2.075062171E-03, 10.1940118
	0.39178125, 2.129414294E-03, 9.92369291
	0.40178125, 2.183766418E-03, 9.63797067
	0.41178125, 2.238118542E-03, 9.33733727
	0.42178125, 2.292470665E-03, 9.02226647
	0.43178125, 2.346822789E-03, 8.69321518
	0.44178125, 2.401174913E-03, 8.35062508
	0.45178125, 2.455527036E-03, 7.99492446
	0.46178125, 2.50987916E-03, 7.62652927
	0.47178125, 2.564231284E-03, 7.24584533
	0.48178125, 2.618583407E-03, 6.85326939
	0.49178125, 2.672935531E-03, 6.44919105
	0.50178125, 2.727287655E-03, 6.03399417
	0.51178125, 2.781639778E-03, 5.60805852
	0.52178125, 2.835991902E-03, 5.17176194
	0.53178125, 2.890344026E-03, 4.72548178
	0.54178125, 2.944696149E-03, 4.26959712
	0.55178125, 2.999048273E-03, 3.80449104
	0.56178125, 3.053400397E-03, 3.33055274
	0.57178125, 3.10775252E-03, 2.84818068
	0.58178125, 3.162104644E-03, 2.35778515
	0.59178125, 3.216456768E-03, 1.85979195
	0.60178125, 3.270808891E-03, 1.35464596
	0.61178125, 3.325161015E-03, 0.842815933
	0.62178125, 3.379513139E-03, 0.324799048
	0.63178125, 3.433865262E-03, -0.198873062
	0.64178125, 3.488217386E-03, -0.727627416
	0.65178125, 3.542569509E-03, -1.2608423
	0.66178125, 3.596921633E-03, -1.79783768
	0.67178125, 3.651273757E-03, -2.33786484
	0.68178125, 3.70562588E-03, -2.88009375
	0.69178125, 3.759978004E-03, -3.42359828
	0.70178125, 3.814330128E-03, -3.96733875
	0.71178125, 3.868682251E-03, -4.51014151
	0.72178125, 3.923034375E-03, -5.05067447
	0.73178125, 3.977386499E-03, -5.58741824
	0.74178125, 4.031738622E-03, -6.11863285
	0.75178125, 4.086090746E-03, -6.64231709
	0.76178125, 4.14044287E-03, -7.15616213
	0.77178125, 4.194794993E-03, -7.6574974
	0.78178125, 4.249147117E-03, -8.14322825
	0.79178125, 4.303499241E-03, -8.60976511
	0.80178125, 4.357851364E-03, -9.05294693
	0.81178125, 4.412203488E-03, -9.46795766
	0.82178125, 4.466555612E-03, -9.84924429
	0.83178125, 4.520907735E-03, -10.1904404
	0.84178125, 4.575259859E-03, -10.4843089
	0.85178125, 4.629611983E-03, -10.7227186
	0.86178125, 4.683964106E-03, -10.8966749
	0.87178125, 4.73831623E-03, -10.9964245
	0.88178125, 4.792668353E-03, -11.0116531
	0.89178125, 4.847020477E-03, -10.9317838
	0.90178125, 4.901372601E-03, -10.7463649
	0.91178125, 4.955724724E-03, -10.4455109
	0.92178125, 5.010076848E-03, -10.0203426
	0.93178125, 5.064428972E-03, -9.46335475
	0.94178125, 5.118781095E-03, -8.76865426
	0.95178125, 5.173133219E-03, -7.93203401
	0.96178125, 5.227485343E-03, -6.95088312
	0.97178125, 5.281837466E-03, -5.8239694
	0.98178125, 5.33618959E-03, -4.55114485
	0.99178125, 5.390541714E-03, -3.13302951
	1, 5.435212365E-03, -1.85933339
