	5.E-03, 4.E-04, 2.5E-03, 2.5E-03, 4.E-03, 1.E-02, 5.E-03, 5.E-03, 2.E-03, 3.5E-02, 4.E-03, 0, 0.2618, 0, 0.349066667
	1.E-03, 5.435212365E-06, 7.369384144E-02
	2.E-03, 1.087042473E-05, 0.146864407
	3.5E-03, 1.902324328E-05, 0.255645648
	5.75E-03, 3.12524711E-05, 0.416643545
	9.125E-03, 4.959631283E-05, 0.653312233
	1.41875E-02, 7.711207543E-05, 0.997663703
	2.178125E-02, 1.183857193E-04, 1.49092096
	3.178125E-02, 1.72737843E-04, 2.09962642
	4.178125E-02, 2.270899666E-04, 2.66422721
	5.178125E-02, 2.814420903E-04, 3.18711242
	6.178125E-02, 3.357942139E-04, 3.67053182
	7.178125E-02, 3.901463376E-04, 4.11660931
	8.178125E-02, 4.444984613E-04, 4.52734214
	9.178125E-02, 4.988505849E-04, 4.90460509
	0.10178125, 5.532027086E-04, 5.25015646
	0.11178125, 6.075548322E-04, 5.56564385
	0.12178125, 6.619069559E-04, 5.85260981
	0.13178125, 7.162590795E-04, 6.11249783
	0.14178125, 7.706112032E-04, 6.34665864
	0.15178125, 8.249633268E-04, 6.55635529
	0.16178125, 8.793154505E-04, 6.74276951
	0.17178125, 9.336675741E-04, 6.90700662
	0.18178125, 9.880196978E-04, 7.0501007
	0.19178125, 1.042371821E-03, 7.1730198
	0.20178125, 1.096723945E-03, 7.27667011
	0.21178125, 1.151076069E-03, 7.3619006
	0.22178125, 1.205428192E-03, 7.42950694
	0.23178125, 1.259780316E-03, 7.48023532
	0.24178125, 1.31413244E-03, 7.51478611
	0.25178125, 1.368484563E-03, 7.53381699
	0.26178125, 1.422836687E-03, 7.53794612
	0.27178125, 1.477188811E-03, 7.52775507
	0.28178125, 1.531540934E-03, 7.50379127
	0.29178125, 1.585893058E-03, 7.46657074
	0.30178125, 1.640245182E-03, 7.41658013
	0.31178125, 1.694597305E-03, 7.35427903
	0.32178125, 1.748949429E-03, 7.28010182
	0.33178125, 1.803301553E-03, 7.19445959
	0.34178125, 1.857653676E-03, 7.09774181
	0.35178125, 1.9120058E-03, 6.9903178
	0.36178125, 1.966357924E-03, 6.87253853
	0.37178125, 2.020710047E-03, 6.74473754
	0.38178125, 2.075062171E-03, 6.60723276
	0.39178125, 2.129414294E-03, 6.46032718
	0.40178125, 2.183766418E-03, 6.3043105
	0.41178125, 2.238118542E-03, 6.13945959
	0.42178125, 2.292470665E-03, 5.96604027
	0.43178125, 2.346822789E-03, 5.78430769
	0.44178125, 2.401174913E-03, 5.59450722
	0.45178125, 2.455527036E-03, 5.39687593
	0.46178125, 2.50987916E-03, 5.19164268
	0.47178125, 2.564231284E-03, 4.97902948
	0.48178125, 2.618583407E-03, 4.75925217
	0.49178125, 2.672935531E-03, 4.53252104
	0.50178125, 2.727287655E-03, 4.29904185
	0.51178125, 2.781639778E-03, 4.0590165
	0.52178125, 2.835991902E-03, 3.8126439
	0.53178125, 2.890344026E-03, 3.5601208
	0.54178125, 2.944696149E-03, 3.30164265
	0.55178125, 2.999048273E-03, 3.03740461
	0.56178125, 3.053400397E-03, 2.76760234
	0.57178125, 3.10775252E-03, 2.4924334
	0.58178125, 3.162104644E-03, 2.21209801
	0.59178125, 3.216456768E-03, 1.92680079
	0.60178125, 3.270808891E-03, 1.63675179
	0.61178125, 3.325161015E-03, 1.34216842
	0.62178125, 3.379513139E-03, 1.043277
	0.63178125, 3.433865262E-03, 0.740315157
	0.64178125, 3.488217386E-03, 0.433533941
	0.65178125, 3.542569509E-03, 0.123200562
	0.66178125, 3.596921633E-03, -0.190398317
	0.67178125, 3.651273757E-03, -0.506952875
	0.68178125, 3.70562588E-03, -0.826125982
	0.69178125, 3.759978004E-03, -1.14754834
	0.70178125, 3.814330128E-03, -1.47081214
	0.71178125, 3.868682251E-03, -1.79546458
	0.72178125, 3.923034375E-03, -2.12099931
	0.73178125, 3.977386499E-03, -2.44684656
	0.74178125, 4.031738622E-03, -2.77236196
	0.75178125, 4.086090746E-03, -3.09681186
	0.76178125, 4.14044287E-03, -3.41935683
	0.77178125, 4.194794993E-03, -3.73903153
	0.78178125, 4.249147117E-03, -4.05471995
	0.79178125, 4.303499241E-03, -4.36512638
	0.80178125, 4.357851364E-03, -4.66873939
	0.81178125, 4.412203488E-03, -4.96378998
	0.82178125, 4.466555612E-03, -5.24819991
	0.83178125, 4.520907735E-03, -5.51952143
	0.84178125, 4.575259859E-03, -5.7748664
	0.85178125, 4.629611983E-03, -6.01082345
	0.86178125, 4.683964106E-03, -6.22336719
	0.87178125, 4.73831623E-03, -6.40775857
	0.88178125, 4.792668353E-03, -6.55844599
	0.89178125, 4.847020477E-03, -6.66897756
	0.90178125, 4.901372601E-03, -6.73194354
	0.91178125, 4.955724724E-03, -6.73897492
	0.92178125, 5.010076848E-03, -6.68083108
	0.93178125, 5.064428972E-03, -6.54760917
	0.94178125, 5.118781095E-03, -6.32909561
	0.95178125, 5.173133219E-03, -6.01525343
	0.96178125, 5.227485343E-03, -5.59679425
	0.97178125, 5.281837466E-03, -5.06574566
	0.98178125, 5.33618959E-03, -4.41589695
	0.99178125, 5.390541714E-03, -3.64302973
	1, 5.435212365E-03, -2.91382777
