	5.E-03, 4.E-04, 2.5E-03, 2.5E-03, 4.8E-03, 1.E-02, 5.E-03, 5.E-03, 2.E-03, 3.5E-02, 4.E-03, 0, 0.2618, 0, 0.349066667
	1.E-03, 5.435212365E-06, 4.801672374E-02
	2.E-03, 1.087042473E-05, 9.568767685E-02
	3.5E-03, 1.902324328E-05, 0.166550305
	5.75E-03, 3.12524711E-05, 0.271409688
	9.125E-03, 4.959631283E-05, 0.425517622
	1.41875E-02, 7.711207543E-05, 0.64967517
	2.178125E-02, 1.183857193E-04, 0.97065498
	3.178125E-02, 1.72737843E-04, 1.36666549
	4.178125E-02, 2.270899666E-04, 1.73400131
	5.178125E-02, 2.814420903E-04, 2.07433103
	6.178125E-02, 3.357942139E-04, 2.38920635
	7.178125E-02, 3.901463376E-04, 2.68007724
	8.178125E-02, 4.444984613E-04, 2.94829305
	9.178125E-02, 4.988505849E-04, 3.19510911
	0.10178125, 5.532027086E-04, 3.42169299
	0.11178125, 6.075548322E-04, 3.62913038
	0.12178125, 6.619069559E-04, 3.81843093
	0.13178125, 7.162590795E-04, 3.99053397
	0.14178125, 7.706112032E-04, 4.14631354
	0.15178125, 8.249633268E-04, 4.28658293
	0.16178125, 8.793154505E-04, 4.41209985
	0.17178125, 9.336675741E-04, 4.52357054
	0.18178125, 9.880196978E-04, 4.62165325
	0.19178125, 1.042371821E-03, 4.70696247
	0.20178125, 1.096723945E-03, 4.78007191
	0.21178125, 1.151076069E-03, 4.84151789
	0.22178125, 1.205428192E-03, 4.89180206
	0.23178125, 1.259780316E-03, 4.93139404
	0.24178125, 1.31413244E-03, 4.96073403
	0.25178125, 1.368484563E-03, 4.98023484
	0.26178125, 1.422836687E-03, 4.99028408
	0.27178125, 1.477188811E-03, 4.99124611
	0.28178125, 1.531540934E-03, 4.98346369
	0.29178125, 1.585893058E-03, 4.96725961
	0.30178125, 1.640245182E-03, 4.9429382
	0.31178125, 1.694597305E-03, 4.91078674
	0.32178125, 1.748949429E-03, 4.87107665
	0.33178125, 1.803301553E-03, 4.82406473
	0.34178125, 1.857653676E-03, 4.76999418
	0.35178125, 1.9120058E-03, 4.70909563
	0.36178125, 1.966357924E-03, 4.64158814
	0.37178125, 2.020710047E-03, 4.56767988
	0.38178125, 2.075062171E-03, 4.48756905
	0.39178125, 2.129414294E-03, 4.40144494
	0.40178125, 2.183766418E-03, 4.30948789
	0.41178125, 2.238118542E-03, 4.21187068
	0.42178125, 2.292470665E-03, 4.10875868
	0.43178125, 2.346822789E-03, 4.00031088
	0.44178125, 2.401174913E-03, 3.8866799
	0.45178125, 2.455527036E-03, 3.76801299
	0.46178125, 2.50987916E-03, 3.64445238
	0.47178125, 2.564231284E-03, 3.51613561
	0.48178125, 2.618583407E-03, 3.38319639
	0.49178125, 2.672935531E-03, 3.24576472
	0.50178125, 2.727287655E-03, 3.10396752
	0.51178125, 2.781639778E-03, 2.95792902
	0.52178125, 2.835991902E-03, 2.80777126
	0.53178125, 2.890344026E-03, 2.65361482
	0.54178125, 2.944696149E-03, 2.49557873
	0.55178125, 2.999048273E-03, 2.33378154
	0.56178125, 3.053400397E-03, 2.16834162
	0.57178125, 3.10775252E-03, 1.99937776
	0.58178125, 3.162104644E-03, 1.82700966
	0.59178125, 3.216456768E-03, 1.65135885
	0.60178125, 3.270808891E-03, 1.47254927
	0.61178125, 3.325161015E-03, 1.29070803
	0.62178125, 3.379513139E-03, 1.10596643
	0.63178125, 3.433865262E-03, 0.918460878
	0.64178125, 3.488217386E-03, 0.728334059
	0.65178125, 3.542569509E-03, 0.535736208
	0.66178125, 3.596921633E-03, 0.340826671
	0.67178125, 3.651273757E-03, 0.143775392
	0.68178125, 3.70562588E-03, -5.523483123E-02
	0.69178125, 3.759978004E-03, -0.25600637
	0.70178125, 3.814330128E-03, -0.458324052
	0.71178125, 3.868682251E-03, -0.661952002
	0.72178125, 3.923034375E-03, -0.866630159
	0.73178125, 3.977386499E-03, -1.07206978
	0.74178125, 4.031738622E-03, -1.27794901
	0.75178125, 4.086090746E-03, -1.48390605
	0.76178125, 4.14044287E-03, -1.68953271
	0.77178125, 4.194794993E-03, -1.89436591
	0.78178125, 4.249147117E-03, -2.09787691
	0.79178125, 4.303499241E-03, -2.29945968
	0.80178125, 4.357851364E-03, -2.49841546
	0.81178125, 4.412203488E-03, -2.69393551
	0.82178125, 4.466555612E-03, -2.88507826
	0.83178125, 4.520907735E-03, -3.07074412
	0.84178125, 4.575259859E-03, -3.24964266
	0.85178125, 4.629611983E-03, -3.42025441
	0.86178125, 4.683964106E-03, -3.58078422
	0.87178125, 4.73831623E-03, -3.72910565
	0.88178125, 4.792668353E-03, -3.86269605
	0.89178125, 4.847020477E-03, -3.97856093
	0.90178125, 4.901372601E-03, -4.07315027
	0.91178125, 4.955724724E-03, -4.1422686
	0.92178125, 5.010076848E-03, -4.18098723
	0.93178125, 5.064428972E-03, -4.18357162
	0.94178125, 5.118781095E-03, -4.14344396
	0.95178125, 5.173133219E-03, -4.05320817
	0.96178125, 5.227485343E-03, -3.90477054
	0.97178125, 5.281837466E-03, -3.68958674
	0.98178125, 5.33618959E-03, -3.39904458
	0.99178125, 5.390541714E-03, -3.02495959
	1, 5.435212365E-03, -2.64968861
