	5.E-03, 4.E-04, 2.5E-03, 2.5E-03, 2.4E-03, 1.E-02, 5.E-03, 5.E-03, 2.E-03, 3.5E-02, 4.E-03, 0, 0.2618, 0, 0.349066667
	1.E-03, 5.435212365E-06, 0.195987101
	2.E-03, 1.087042473E-05, 0.3907662
	3.5E-03, 1.902324328E-05, 0.68067846
	5.75E-03, 3.12524711E-05, 1.11049618
	9.125E-03, 4.959631283E-05, 1.74394644
	1.41875E-02, 7.711207543E-05, 2.66904638
	2.178125E-02, 1.183857193E-04, 4.00126991
	3.178125E-02, 1.72737843E-04, 5.65672935
	4.178125E-02, 2.270899666E-04, 7.20327167
	5.178125E-02, 2.814420903E-04, 8.64463678
	6.178125E-02, 3.357942139E-04, 9.98448762
	7.178125E-02, 3.901463376E-04, 11.2264181
	8.178125E-02, 4.444984613E-04, 12.3739405
	9.178125E-02, 4.988505849E-04, 13.4304796
	0.10178125, 5.532027086E-04, 14.3993692
	0.11178125, 6.075548322E-04, 15.2838476
	0.12178125, 6.619069559E-04, 16.0870554
	0.13178125, 7.162590795E-04, 16.8120329
	0.14178125, 7.706112032E-04, 17.4617193
	0.15178125, 8.249633268E-04, 18.0389508
	0.16178125, 8.793154505E-04, 18.546462
	0.17178125, 9.336675741E-04, 18.9868854
	0.18178125, 9.880196978E-04, 19.3627525
	0.19178125, 1.042371821E-03, 19.676496
	0.20178125, 1.096723945E-03, 19.9304507
	0.21178125, 1.151076069E-03, 20.1268567
	0.22178125, 1.205428192E-03, 20.2678617
	0.23178125, 1.259780316E-03, 20.3555236
	0.24178125, 1.31413244E-03, 20.3918139
	0.25178125, 1.368484563E-03, 20.378621
	0.26178125, 1.422836687E-03, 20.3177531
	0.27178125, 1.477188811E-03, 20.2109422
	0.28178125, 1.531540934E-03, 20.0598471
	0.29178125, 1.585893058E-03, 19.8660575
	0.30178125, 1.640245182E-03, 19.631097
	0.31178125, 1.694597305E-03, 19.356427
	0.32178125, 1.748949429E-03, 19.0434502
	0.33178125, 1.803301553E-03, 18.693514
	0.34178125, 1.857653676E-03, 18.307914
	0.35178125, 1.9120058E-03, 17.8878976
	0.36178125, 1.966357924E-03, 17.4346671
	0.37178125, 2.020710047E-03, 16.9493833
	0.38178125, 2.075062171E-03, 16.4331691
	0.39178125, 2.129414294E-03, 15.8871121
	0.40178125, 2.183766418E-03, 15.3122689
	0.41178125, 2.238118542E-03, 14.7096678
	0.42178125, 2.292470665E-03, 14.0803121
	0.43178125, 2.346822789E-03, 13.4251844
	0.44178125, 2.401174913E-03, 12.745249
	0.45178125, 2.455527036E-03, 12.0414566
	0.46178125, 2.50987916E-03, 11.3147474
	0.47178125, 2.564231284E-03, 10.5660557
	0.48178125, 2.618583407E-03, 9.79631347
	0.49178125, 2.672935531E-03, 9.00645559
	0.50178125, 2.727287655E-03, 8.19742431
	0.51178125, 2.781639778E-03, 7.3701748
	0.52178125, 2.835991902E-03, 6.52568097
	0.53178125, 2.890344026E-03, 5.6649419
	0.54178125, 2.944696149E-03, 4.78898914
	0.55178125, 2.999048273E-03, 3.89889454
	0.56178125, 3.053400397E-03, 2.99577937
	0.57178125, 3.10775252E-03, 2.08082425
	0.58178125, 3.162104644E-03, 1.1552809
	0.59178125, 3.216456768E-03, 0.220484552
	0.60178125, 3.270808891E-03, -0.722131096
	0.61178125, 3.325161015E-03, -1.67101751
	0.62178125, 3.379513139E-03, -2.62449255
	0.63178125, 3.433865262E-03, -3.58071944
	0.64178125, 3.488217386E-03, -4.53768274
	0.65178125, 3.542569509E-03, -5.49316158
	0.66178125, 3.596921633E-03, -6.44469991
	0.67178125, 3.651273757E-03, -7.3895732
	0.68178125, 3.70562588E-03, -8.32475217
	0.69178125, 3.759978004E-03, -9.24686364
	0.70178125, 3.814330128E-03, -10.1521492
	0.71178125, 3.868682251E-03, -11.036422
	0.72178125, 3.923034375E-03, -11.8950251
	0.73178125, 3.977386499E-03, -12.7227915
	0.74178125, 4.031738622E-03, -13.5140102
	0.75178125, 4.086090746E-03, -14.2624038
	0.76178125, 4.14044287E-03, -14.9611187
	0.77178125, 4.194794993E-03, -15.6027383
	0.78178125, 4.249147117E-03, -16.1793213
	0.79178125, 4.303499241E-03, -16.6824705
	0.80178125, 4.357851364E-03, -17.1034368
	0.81178125, 4.412203488E-03, -17.4332544
	0.82178125, 4.466555612E-03, -17.6629064
	0.83178125, 4.520907735E-03, -17.7835077
	0.84178125, 4.575259859E-03, -17.7864962
	0.85178125, 4.629611983E-03, -17.6638118
	0.86178125, 4.683964106E-03, -17.4080502
	0.87178125, 4.73831623E-03, -17.0125783
	0.88178125, 4.792668353E-03, -16.4716017
	0.89178125, 4.847020477E-03, -15.7801825
	0.90178125, 4.901372601E-03, -14.93421
	0.91178125, 4.955724724E-03, -13.9303346
	0.92178125, 5.010076848E-03, -12.7658731
	0.93178125, 5.064428972E-03, -11.4386983
	0.94178125, 5.118781095E-03, -9.94712497
	0.95178125, 5.173133219E-03, -8.28979642
	0.96178125, 5.227485343E-03, -6.46558352
	0.97178125, 5.281837466E-03, -4.47349452
	0.98178125, 5.33618959E-03, -2.31260153
	0.99178125, 5.390541714E-03, 1.801951696E-02
	1, 5.435212365E-03, 2.06129935
