	5.E-03, 4.E-04, 2.5E-03, 2.5E-03, 5.2E-03, 1.E-02, 5.E-03, 5.E-03, 2.E-03, 3.5E-02, 4.E-03, 0, 0.2618, 0, 0.349066667
	1.E-03, 5.435212365E-06, 3.939293212E-02
	2.E-03, 1.087042473E-05, 7.850252454E-02
	3.5E-03, 1.902324328E-05, 0.136639442
	5.75E-03, 3.12524711E-05, 0.222669656
	9.125E-03, 4.959631283E-05, 0.349110298
	1.41875E-02, 7.711207543E-05, 0.533039572
	2.178125E-02, 1.183857193E-04, 0.796459243
	3.178125E-02, 1.72737843E-04, 1.12155855
	4.178125E-02, 2.270899666E-04, 1.4232647
	5.178125E-02, 2.814420903E-04, 1.70296122
	6.178125E-02, 3.357942139E-04, 1.96193013
	7.178125E-02, 3.901463376E-04, 2.20136541
	8.178125E-02, 4.444984613E-04, 2.42237492
	9.178125E-02, 4.988505849E-04, 2.62598659
	0.10178125, 5.532027086E-04, 2.81315425
	0.11178125, 6.075548322E-04, 2.98476314
	0.12178125, 6.619069559E-04, 3.1416351
	0.13178125, 7.162590795E-04, 3.28453345
	0.14178125, 7.706112032E-04, 3.41416756
	0.15178125, 8.249633268E-04, 3.53119696
	0.16178125, 8.793154505E-04, 3.63623542
	0.17178125, 9.336675741E-04, 3.72985459
	0.18178125, 9.880196978E-04, 3.81258698
	0.19178125, 1.042371821E-03, 3.88492948
	0.20178125, 1.096723945E-03, 3.9473459
	0.21178125, 1.151076069E-03, 4.00026968
	0.22178125, 1.205428192E-03, 4.04410606
	0.23178125, 1.259780316E-03, 4.07923458
	0.24178125, 1.31413244E-03, 4.10601088
	0.25178125, 1.368484563E-03, 4.12476848
	0.26178125, 1.422836687E-03, 4.13582061
	0.27178125, 1.477188811E-03, 4.13946183
	0.28178125, 1.531540934E-03, 4.1359691
	0.29178125, 1.585893058E-03, 4.12560348
	0.30178125, 1.640245182E-03, 4.10861111
	0.31178125, 1.694597305E-03, 4.08522441
	0.32178125, 1.748949429E-03, 4.055663
	0.33178125, 1.803301553E-03, 4.02013477
	0.34178125, 1.857653676E-03, 3.97883665
	0.35178125, 1.9120058E-03, 3.93195549
	0.36178125, 1.966357924E-03, 3.8796687
	0.37178125, 2.020710047E-03, 3.82214519
	0.38178125, 2.075062171E-03, 3.75954561
	0.39178125, 2.129414294E-03, 3.69202337
	0.40178125, 2.183766418E-03, 3.6197249
	0.41178125, 2.238118542E-03, 3.54279041
	0.42178125, 2.292470665E-03, 3.46135418
	0.43178125, 2.346822789E-03, 3.37554515
	0.44178125, 2.401174913E-03, 3.28548748
	0.45178125, 2.455527036E-03, 3.19130064
	0.46178125, 2.50987916E-03, 3.09310017
	0.47178125, 2.564231284E-03, 2.99099791
	0.48178125, 2.618583407E-03, 2.88510241
	0.49178125, 2.672935531E-03, 2.77551927
	0.50178125, 2.727287655E-03, 2.66235162
	0.51178125, 2.781639778E-03, 2.54570022
	0.52178125, 2.835991902E-03, 2.42566429
	0.53178125, 2.890344026E-03, 2.30234156
	0.54178125, 2.944696149E-03, 2.1758285
	0.55178125, 2.999048273E-03, 2.04622129
	0.56178125, 3.053400397E-03, 1.91361564
	0.57178125, 3.10775252E-03, 1.77810752
	0.58178125, 3.162104644E-03, 1.63979369
	0.59178125, 3.216456768E-03, 1.49877203
	0.60178125, 3.270808891E-03, 1.35514227
	0.61178125, 3.325161015E-03, 1.20900634
	0.62178125, 3.379513139E-03, 1.06046952
	0.63178125, 3.433865262E-03, 0.909640519
	0.64178125, 3.488217386E-03, 0.756632966
	0.65178125, 3.542569509E-03, 0.601565994
	0.66178125, 3.596921633E-03, 0.444565528
	0.67178125, 3.651273757E-03, 0.285765109
	0.68178125, 3.70562588E-03, 0.125307978
	0.69178125, 3.759978004E-03, -3.66518257E-02
	0.70178125, 3.814330128E-03, -0.199947359
	0.71178125, 3.868682251E-03, -0.364396654
	0.72178125, 3.923034375E-03, -0.529799969
	0.73178125, 3.977386499E-03, -0.695937364
	0.74178125, 4.031738622E-03, -0.862563967
	0.75178125, 4.086090746E-03, -1.02940722
	0.76178125, 4.14044287E-03, -1.19616077
	0.77178125, 4.194794993E-03, -1.36247933
	0.78178125, 4.249147117E-03, -1.52797113
	0.79178125, 4.303499241E-03, -1.69218951
	0.80178125, 4.357851364E-03, -1.8546233
	0.81178125, 4.412203488E-03, -2.01468354
	0.82178125, 4.466555612E-03, -2.17168956
	0.83178125, 4.520907735E-03, -2.32485017
	0.84178125, 4.575259859E-03, -2.47324287
	0.85178125, 4.629611983E-03, -2.61578619
	0.86178125, 4.683964106E-03, -2.75120873
	0.87178125, 4.73831623E-03, -2.87800985
	0.88178125, 4.792668353E-03, -2.99441383
	0.89178125, 4.847020477E-03, -3.09831522
	0.90178125, 4.901372601E-03, -3.18721427
	0.91178125, 4.955724724E-03, -3.25814525
	0.92178125, 5.010076848E-03, -3.30759722
	0.93178125, 5.064428972E-03, -3.33143259
	0.94178125, 5.118781095E-03, -3.32481464
	0.95178125, 5.173133219E-03, -3.28215723
	0.96178125, 5.227485343E-03, -3.19711862
	0.97178125, 5.281837466E-03, -3.06267073
	0.98178125, 5.33618959E-03, -2.87126921
	0.99178125, 5.390541714E-03, -2.61514745
	1, 5.435212365E-03, -2.35078204
