 5.E-03, 4.E-04, 2.5E-03,2.5E-03, 4.5E-03, 1.5E-02,5.E-03, 6.E-03, 2.E-03,3.5E-02, 4.E-03, 5.236E-02,0.2618, 5.236E-02, 0.349066667
	1.E-03, 9.141970432E-06, 0.137232828
	2.E-03, 1.828394086E-05, 0.272960327
	3.5E-03, 3.199689651E-05, 0.473757205
	5.75E-03, 5.256632998E-05, 0.768750718
	9.125E-03, 8.342048019E-05, 1.19757484
	1.41875E-02, 1.297017055E-04, 1.81102736
	2.178125E-02, 1.991235435E-04, 2.66740513
	3.178125E-02, 2.905432478E-04, 3.68643784
	4.178125E-02, 3.819629521E-04, 4.59266834
	5.178125E-02, 4.733826564E-04, 5.39698679
	6.178125E-02, 5.648023607E-04, 6.10933967
	7.178125E-02, 6.562220651E-04, 6.73876139
	8.178125E-02, 7.476417694E-04, 7.29336875
	9.178125E-02, 8.390614737E-04, 7.78075186
	0.10178125, 9.30481178E-04, 8.20631491
	0.11178125, 1.021900882E-03, 8.57714976
	0.12178125, 1.113320587E-03, 8.89689462
	0.13178125, 1.204740291E-03, 9.17140545
	0.14178125, 1.296159995E-03, 9.40324245
	0.15178125, 1.3875797E-03, 9.59720576
	0.16178125, 1.478999404E-03, 9.75510797
	0.17178125, 1.570419108E-03, 9.88080766
	0.18178125, 1.661838813E-03, 9.97566101
	0.19178125, 1.753258517E-03, 10.0425659
	0.20178125, 1.844678221E-03, 10.0827383
	0.21178125, 1.936097926E-03, 10.0976772
	0.22178125, 2.02751763E-03, 10.089027
	0.23178125, 2.118937334E-03, 10.0590031
	0.24178125, 2.210357038E-03, 9.99451186
	0.25178125, 2.301776743E-03, 9.90528238
	0.26178125, 2.393196447E-03, 9.77908729
	0.27178125, 2.484616151E-03, 9.62159842
	0.28178125, 2.576035856E-03, 9.43852256
	0.29178125, 2.66745556E-03, 9.23832146
	0.30178125, 2.758875264E-03, 9.02585221
	0.31178125, 2.850294969E-03, 8.80324128
	0.32178125, 2.941714673E-03, 8.57171011
	0.33178125, 3.033134377E-03, 8.33210559
	0.34178125, 3.124554082E-03, 8.08498496
	0.35178125, 3.215973786E-03, 7.82565419
	0.36178125, 3.30739349E-03, 7.55481019
	0.37178125, 3.398813195E-03, 7.27318261
	0.38178125, 3.490232899E-03, 7.02574938
	0.39178125, 3.581652603E-03, 6.74560232
	0.40178125, 3.673072308E-03, 6.45593716
	0.41178125, 3.764492012E-03, 6.15696401
	0.42178125, 3.855911716E-03, 5.84896722
	0.43178125, 3.947331421E-03, 5.53205612
	0.44178125, 4.038751125E-03, 5.23534342
	0.45178125, 4.130170829E-03, 4.91054622
	0.46178125, 4.221590534E-03, 4.57645479
	0.47178125, 4.313010238E-03, 4.22819286
	0.48178125, 4.404429942E-03, 3.87156831
	0.49178125, 4.495849646E-03, 3.49695763
	0.50178125, 4.587269351E-03, 3.11665779
	0.51178125, 4.678689055E-03, 2.72919206
	0.52178125, 4.770108759E-03, 2.33643806
	0.53178125, 4.861528464E-03, 1.95400923
	0.54178125, 4.952948168E-03, 1.57629873
	0.55178125, 5.044367872E-03, 1.21528711
	0.56178125, 5.135787577E-03, 0.854922393
	0.57178125, 5.227207281E-03, 0.498403595
	0.58178125, 5.318626985E-03, 0.144298023
	0.59178125, 5.41004669E-03, -0.208634742
	0.60178125, 5.501466394E-03, -0.561469402
	0.61178125, 5.592886098E-03, -0.915155766
	0.62178125, 5.684305803E-03, -1.27054581
	0.63178125, 5.775725507E-03, -1.62842697
	0.64178125, 5.867145211E-03, -1.98954643
	0.65178125, 5.958564916E-03, -2.34855503
	0.66178125, 6.04998462E-03, -2.72433939
	0.67178125, 6.141404324E-03, -3.09865142
	0.68178125, 6.232824029E-03, -3.47102911
	0.69178125, 6.324243733E-03, -3.86911407
	0.70178125, 6.415663437E-03, -4.26554416
	0.71178125, 6.507083141E-03, -4.65980987
	0.72178125, 6.598502846E-03, -5.05020073
	0.73178125, 6.68992255E-03, -5.50930601
	0.74178125, 6.781342254E-03, -5.96858678
	0.75178125, 6.872761959E-03, -6.42755804
	0.76178125, 6.964181663E-03, -6.88389729
	0.77178125, 7.055601367E-03, -7.33550593
	0.78178125, 7.147021072E-03, -7.85170928
	0.79178125, 7.238440776E-03, -8.3781647
	0.80178125, 7.32986048E-03, -8.93120339
	0.81178125, 7.421280185E-03, -9.51596263
	0.82178125, 7.512699889E-03, -10.1392513
	0.83178125, 7.604119593E-03, -10.8107674
	0.84178125, 7.695539298E-03, -11.5453893
	0.85178125, 7.786959002E-03, -12.368758
	0.86178125, 7.878378706E-03, -13.3348165
	0.87178125, 7.969798411E-03, -14.6978428
	0.88178125, 8.061218115E-03, -15.4253421
	0.89178125, 8.152637819E-03, -14.6881221
	0.90178125, 8.244057524E-03, -13.4358942
	0.91178125, 8.335477228E-03, -11.923485
	0.92178125, 8.426896932E-03, -10.2386776
	0.93178125, 8.518316636E-03, -8.39397485
	0.94178125, 8.609736341E-03, -6.40587864
	0.95178125, 8.701156045E-03, -4.2710899
	0.96178125, 8.792575749E-03, -1.9880015
	0.97178125, 8.883995454E-03, 0.446234693
	0.98178125, 8.975415158E-03, 3.03436266
	0.99178125, 9.066834862E-03, 5.77979237
	1, 9.141970432E-03, 8.15633597
