 5.E-03, 4.E-04, 2.5E-03,2.5E-03, 4.5E-03, 1.5E-02,5.E-03, 1.E-02, 2.E-03,3.5E-02, 4.E-03, 5.236E-02,0.2618, 5.236E-02, 0.349066667
	1.E-03, 9.141970432E-06, 8.977668166E-02
	2.E-03, 1.828394086E-05, 0.178902413
	3.5E-03, 3.199689651E-05, 0.311376689
	5.75E-03, 5.256632998E-05, 0.507374013
	9.125E-03, 8.342048019E-05, 0.79532473
	1.41875E-02, 1.297017055E-04, 1.2138559
	2.178125E-02, 1.991235435E-04, 1.81220654
	3.178125E-02, 2.905432478E-04, 2.54802907
	4.178125E-02, 3.819629521E-04, 3.22702738
	5.178125E-02, 4.733826564E-04, 3.85179662
	6.178125E-02, 5.648023607E-04, 4.4248736
	7.178125E-02, 6.562220651E-04, 4.94873785
	8.178125E-02, 7.476417694E-04, 5.42580242
	9.178125E-02, 8.390614737E-04, 5.85840676
	0.10178125, 9.30481178E-04, 6.24881052
	0.11178125, 1.021900882E-03, 6.59918752
	0.12178125, 1.113320587E-03, 6.91162102
	0.13178125, 1.204740291E-03, 7.18810028
	0.14178125, 1.296159995E-03, 7.43051817
	0.15178125, 1.3875797E-03, 7.64079196
	0.16178125, 1.478999404E-03, 7.82024619
	0.17178125, 1.570419108E-03, 7.97097965
	0.18178125, 1.661838813E-03, 8.09400197
	0.19178125, 1.753258517E-03, 8.19120329
	0.20178125, 1.844678221E-03, 8.26344763
	0.21178125, 1.936097926E-03, 8.31239479
	0.22178125, 2.02751763E-03, 8.33880525
	0.23178125, 2.118937334E-03, 8.34408503
	0.24178125, 2.210357038E-03, 8.32894486
	0.25178125, 2.301776743E-03, 8.29449999
	0.26178125, 2.393196447E-03, 8.24147701
	0.27178125, 2.484616151E-03, 8.17063176
	0.28178125, 2.576035856E-03, 8.08280036
	0.29178125, 2.66745556E-03, 7.97894521
	0.30178125, 2.758875264E-03, 7.85780584
	0.31178125, 2.850294969E-03, 7.72156055
	0.32178125, 2.941714673E-03, 7.57099691
	0.33178125, 3.033134377E-03, 7.40659768
	0.34178125, 3.124554082E-03, 7.22885163
	0.35178125, 3.215973786E-03, 7.02616495
	0.36178125, 3.30739349E-03, 6.80901693
	0.37178125, 3.398813195E-03, 6.57807236
	0.38178125, 3.490232899E-03, 6.33425439
	0.39178125, 3.581652603E-03, 6.07842512
	0.40178125, 3.673072308E-03, 5.84500668
	0.41178125, 3.764492012E-03, 5.58652753
	0.42178125, 3.855911716E-03, 5.30530142
	0.43178125, 3.947331421E-03, 5.01509671
	0.44178125, 4.038751125E-03, 4.71652452
	0.45178125, 4.130170829E-03, 4.43329154
	0.46178125, 4.221590534E-03, 4.13129522
	0.47178125, 4.313010238E-03, 3.82169373
	0.48178125, 4.404429942E-03, 3.50471913
	0.49178125, 4.495849646E-03, 3.18102932
	0.50178125, 4.587269351E-03, 2.85402088
	0.51178125, 4.678689055E-03, 2.51964161
	0.52178125, 4.770108759E-03, 2.17926639
	0.53178125, 4.861528464E-03, 1.83292805
	0.54178125, 4.952948168E-03, 1.48060645
	0.55178125, 5.044367872E-03, 1.12226136
	0.56178125, 5.135787577E-03, 0.75781477
	0.57178125, 5.227207281E-03, 0.387186349
	0.58178125, 5.318626985E-03, 1.024707029E-02
	0.59178125, 5.41004669E-03, -0.373162903
	0.60178125, 5.501466394E-03, -0.761681919
	0.61178125, 5.592886098E-03, -1.16022183
	0.62178125, 5.684305803E-03, -1.56379542
	0.63178125, 5.775725507E-03, -1.97287856
	0.64178125, 5.867145211E-03, -2.39632547
	0.65178125, 5.958564916E-03, -2.82507733
	0.66178125, 6.04998462E-03, -3.25980827
	0.67178125, 6.141404324E-03, -3.69958609
	0.68178125, 6.232824029E-03, -4.16817901
	0.69178125, 6.324243733E-03, -4.64276465
	0.70178125, 6.415663437E-03, -5.12472123
	0.71178125, 6.507083141E-03, -5.61234097
	0.72178125, 6.598502846E-03, -6.1040271
	0.73178125, 6.68992255E-03, -6.59742139
	0.74178125, 6.781342254E-03, -7.08875579
	0.75178125, 6.872761959E-03, -7.57176508
	0.76178125, 6.964181663E-03, -8.03559545
	0.77178125, 7.055601367E-03, -8.46084896
	0.78178125, 7.147021072E-03, -8.78796093
	0.79178125, 7.238440776E-03, -9.03370952
	0.80178125, 7.32986048E-03, -9.17753129
	0.81178125, 7.421280185E-03, -9.2189582
	0.82178125, 7.512699889E-03, -9.15502438
	0.83178125, 7.604119593E-03, -8.98971518
	0.84178125, 7.695539298E-03, -8.72903862
	0.85178125, 7.786959002E-03, -8.37951137
	0.86178125, 7.878378706E-03, -7.94726829
	0.87178125, 7.969798411E-03, -7.43751894
	0.88178125, 8.061218115E-03, -6.85431462
	0.89178125, 8.152637819E-03, -6.20111991
	0.90178125, 8.244057524E-03, -5.47861188
	0.91178125, 8.335477228E-03, -4.68857475
	0.92178125, 8.426896932E-03, -3.8314707
	0.93178125, 8.518316636E-03, -2.90719737
	0.94178125, 8.609736341E-03, -1.9152346
	0.95178125, 8.701156045E-03, -0.854707417
	0.96178125, 8.792575749E-03, 0.275566357
	0.97178125, 8.883995454E-03, 1.47704276
	0.98178125, 8.975415158E-03, 2.75143225
	0.99178125, 9.066834862E-03, 4.10068382
	1, 9.141970432E-03, 5.26720031
