 5.E-03, 4.E-04, 2.5E-03,2.5E-03, 4.5E-03, 1.5E-02,5.E-03, 1.1E-02, 2.E-03,3.5E-02, 4.E-03, 5.236E-02,0.2618, 5.236E-02, 0.349066667
	1.E-03, 9.141970432E-06, 7.870159774E-02
	2.E-03, 1.828394086E-05, 0.156876807
	3.5E-03, 3.199689651E-05, 0.273156989
	5.75E-03, 5.256632998E-05, 0.445380162
	9.125E-03, 8.342048019E-05, 0.698817037
	1.41875E-02, 1.297017055E-04, 1.06810444
	2.178125E-02, 1.991235435E-04, 1.59808872
	3.178125E-02, 2.905432478E-04, 2.25345687
	4.178125E-02, 3.819629521E-04, 2.86219192
	5.178125E-02, 4.733826564E-04, 3.42612749
	6.178125E-02, 5.648023607E-04, 3.94704114
	7.178125E-02, 6.562220651E-04, 4.42666376
	8.178125E-02, 7.476417694E-04, 4.86667777
	9.178125E-02, 8.390614737E-04, 5.26871826
	0.10178125, 9.30481178E-04, 5.63437229
	0.11178125, 1.021900882E-03, 5.96517856
	0.12178125, 1.113320587E-03, 6.26262655
	0.13178125, 1.204740291E-03, 6.52815506
	0.14178125, 1.296159995E-03, 6.7631514
	0.15178125, 1.3875797E-03, 6.96895032
	0.16178125, 1.478999404E-03, 7.14683306
	0.17178125, 1.570419108E-03, 7.29802712
	0.18178125, 1.661838813E-03, 7.42370567
	0.19178125, 1.753258517E-03, 7.524988
	0.20178125, 1.844678221E-03, 7.60293962
	0.21178125, 1.936097926E-03, 7.65864035
	0.22178125, 2.02751763E-03, 7.69283157
	0.23178125, 2.118937334E-03, 7.70672022
	0.24178125, 2.210357038E-03, 7.70088577
	0.25178125, 2.301776743E-03, 7.67638304
	0.26178125, 2.393196447E-03, 7.63376779
	0.27178125, 2.484616151E-03, 7.57393379
	0.28178125, 2.576035856E-03, 7.49742433
	0.29178125, 2.66745556E-03, 7.40495499
	0.30178125, 2.758875264E-03, 7.29709218
	0.31178125, 2.850294969E-03, 7.17453777
	0.32178125, 2.941714673E-03, 7.03732194
	0.33178125, 3.033134377E-03, 6.88638081
	0.34178125, 3.124554082E-03, 6.7222742
	0.35178125, 3.215973786E-03, 6.54540611
	0.36178125, 3.30739349E-03, 6.35513264
	0.37178125, 3.398813195E-03, 6.15293371
	0.38178125, 3.490232899E-03, 5.93918208
	0.39178125, 3.581652603E-03, 5.71425788
	0.40178125, 3.673072308E-03, 5.47851093
	0.41178125, 3.764492012E-03, 5.23226959
	0.42178125, 3.855911716E-03, 4.97584983
	0.43178125, 3.947331421E-03, 4.70533313
	0.44178125, 4.038751125E-03, 4.42557068
	0.45178125, 4.130170829E-03, 4.13677844
	0.46178125, 4.221590534E-03, 3.83970164
	0.47178125, 4.313010238E-03, 3.54640434
	0.48178125, 4.404429942E-03, 3.2377794
	0.49178125, 4.495849646E-03, 2.92145985
	0.50178125, 4.587269351E-03, 2.59750462
	0.51178125, 4.678689055E-03, 2.26645483
	0.52178125, 4.770108759E-03, 1.92909185
	0.53178125, 4.861528464E-03, 1.58477428
	0.54178125, 4.952948168E-03, 1.23373994
	0.55178125, 5.044367872E-03, 0.876008277
	0.56178125, 5.135787577E-03, 0.511546034
	0.57178125, 5.227207281E-03, 0.140316872
	0.58178125, 5.318626985E-03, -0.236860264
	0.59178125, 5.41004669E-03, -0.622620012
	0.60178125, 5.501466394E-03, -1.01398112
	0.61178125, 5.592886098E-03, -1.41145795
	0.62178125, 5.684305803E-03, -1.81885819
	0.63178125, 5.775725507E-03, -2.231139
	0.64178125, 5.867145211E-03, -2.64894748
	0.65178125, 5.958564916E-03, -3.07112688
	0.66178125, 6.04998462E-03, -3.49669513
	0.67178125, 6.141404324E-03, -3.92441895
	0.68178125, 6.232824029E-03, -4.35265718
	0.69178125, 6.324243733E-03, -4.77917409
	0.70178125, 6.415663437E-03, -5.20086947
	0.71178125, 6.507083141E-03, -5.61339643
	0.72178125, 6.598502846E-03, -6.01069207
	0.73178125, 6.68992255E-03, -6.37306762
	0.74178125, 6.781342254E-03, -6.70658891
	0.75178125, 6.872761959E-03, -6.99938631
	0.76178125, 6.964181663E-03, -7.24289132
	0.77178125, 7.055601367E-03, -7.42953916
	0.78178125, 7.147021072E-03, -7.55369836
	0.79178125, 7.238440776E-03, -7.61208059
	0.80178125, 7.32986048E-03, -7.603513
	0.81178125, 7.421280185E-03, -7.52835772
	0.82178125, 7.512699889E-03, -7.38791681
	0.83178125, 7.604119593E-03, -7.18398799
	0.84178125, 7.695539298E-03, -6.91854868
	0.85178125, 7.786959002E-03, -6.59352772
	0.86178125, 7.878378706E-03, -6.2106446
	0.87178125, 7.969798411E-03, -5.77175984
	0.88178125, 8.061218115E-03, -5.27698022
	0.89178125, 8.152637819E-03, -4.72753064
	0.90178125, 8.244057524E-03, -4.1238196
	0.91178125, 8.335477228E-03, -3.46591268
	0.92178125, 8.426896932E-03, -2.75360143
	0.93178125, 8.518316636E-03, -1.98642045
	0.94178125, 8.609736341E-03, -1.16366528
	0.95178125, 8.701156045E-03, -0.284407793
	0.96178125, 8.792575749E-03, 0.652495058
	0.97178125, 8.883995454E-03, 1.64839637
	0.98178125, 8.975415158E-03, 2.70485556
	0.99178125, 9.066834862E-03, 3.82364011
	1, 9.141970432E-03, 4.79121118
