 5.E-03, 4.E-04, 2.5E-03,2.5E-03, 4.5E-03, 1.5E-02,5.E-03, 8.E-03, 2.E-03,3.5E-02, 4.E-03, 5.236E-02,0.2618, 5.236E-02, 0.349066667
	1.E-03, 9.141970432E-06, 0.113105677
	2.E-03, 1.828394086E-05, 0.225214859
	3.5E-03, 3.199689651E-05, 0.39152256
	5.75E-03, 5.256632998E-05, 0.63684574
	9.125E-03, 8.342048019E-05, 0.995646369
	1.41875E-02, 1.297017055E-04, 1.5136138
	2.178125E-02, 1.991235435E-04, 2.24649398
	3.178125E-02, 2.905432478E-04, 3.13467801
	4.178125E-02, 3.819629521E-04, 3.94057423
	5.178125E-02, 4.733826564E-04, 4.66965533
	6.178125E-02, 5.648023607E-04, 5.32719086
	7.178125E-02, 6.562220651E-04, 5.91822152
	8.178125E-02, 7.476417694E-04, 6.4475201
	9.178125E-02, 8.390614737E-04, 6.91976604
	0.10178125, 9.30481178E-04, 7.33855118
	0.11178125, 1.021900882E-03, 7.70856086
	0.12178125, 1.113320587E-03, 8.03252361
	0.13178125, 1.204740291E-03, 8.31460269
	0.14178125, 1.296159995E-03, 8.5569218
	0.15178125, 1.3875797E-03, 8.76311431
	0.16178125, 1.478999404E-03, 8.93482179
	0.17178125, 1.570419108E-03, 9.07514978
	0.18178125, 1.661838813E-03, 9.18539021
	0.19178125, 1.753258517E-03, 9.26810936
	0.20178125, 1.844678221E-03, 9.32439391
	0.21178125, 1.936097926E-03, 9.35619995
	0.22178125, 2.02751763E-03, 9.36459089
	0.23178125, 2.118937334E-03, 9.3506689
	0.24178125, 2.210357038E-03, 9.31578245
	0.25178125, 2.301776743E-03, 9.26157037
	0.26178125, 2.393196447E-03, 9.18272861
	0.27178125, 2.484616151E-03, 9.08475648
	0.28178125, 2.576035856E-03, 8.96908157
	0.29178125, 2.66745556E-03, 8.83648553
	0.30178125, 2.758875264E-03, 8.68775867
	0.31178125, 2.850294969E-03, 8.46084358
	0.32178125, 2.941714673E-03, 8.24229044
	0.33178125, 3.033134377E-03, 8.03365017
	0.34178125, 3.124554082E-03, 7.81118228
	0.35178125, 3.215973786E-03, 7.57557103
	0.36178125, 3.30739349E-03, 7.32752709
	0.37178125, 3.398813195E-03, 7.06774772
	0.38178125, 3.490232899E-03, 6.79697562
	0.39178125, 3.581652603E-03, 6.51598691
	0.40178125, 3.673072308E-03, 6.2255939
	0.41178125, 3.764492012E-03, 5.96139663
	0.42178125, 3.855911716E-03, 5.67298037
	0.43178125, 3.947331421E-03, 5.37623448
	0.44178125, 4.038751125E-03, 5.07146698
	0.45178125, 4.130170829E-03, 4.75922565
	0.46178125, 4.221590534E-03, 4.45250852
	0.47178125, 4.313010238E-03, 4.13225902
	0.48178125, 4.404429942E-03, 3.80490429
	0.49178125, 4.495849646E-03, 3.47033394
	0.50178125, 4.587269351E-03, 3.13375306
	0.51178125, 4.678689055E-03, 2.78803412
	0.52178125, 4.770108759E-03, 2.43594038
	0.53178125, 4.861528464E-03, 2.07685303
	0.54178125, 4.952948168E-03, 1.71274108
	0.55178125, 5.044367872E-03, 1.34221742
	0.56178125, 5.135787577E-03, 0.964785847
	0.57178125, 5.227207281E-03, 0.585655619
	0.58178125, 5.318626985E-03, 0.204692954
	0.59178125, 5.41004669E-03, -0.176979062
	0.60178125, 5.501466394E-03, -0.558896397
	0.61178125, 5.592886098E-03, -0.941218332
	0.62178125, 5.684305803E-03, -1.32455844
	0.63178125, 5.775725507E-03, -1.70977169
	0.64178125, 5.867145211E-03, -2.09782142
	0.65178125, 5.958564916E-03, -2.48474331
	0.66178125, 6.04998462E-03, -2.88644235
	0.67178125, 6.141404324E-03, -3.28859102
	0.68178125, 6.232824029E-03, -3.69090727
	0.69178125, 6.324243733E-03, -4.11766614
	0.70178125, 6.415663437E-03, -4.54586172
	0.71178125, 6.507083141E-03, -4.97539317
	0.72178125, 6.598502846E-03, -5.4046312
	0.73178125, 6.68992255E-03, -5.90307164
	0.74178125, 6.781342254E-03, -6.4072433
	0.75178125, 6.872761959E-03, -6.91770608
	0.76178125, 6.964181663E-03, -7.43297089
	0.77178125, 7.055601367E-03, -7.95172349
	0.78178125, 7.147021072E-03, -8.56391582
	0.79178125, 7.238440776E-03, -9.19643839
	0.80178125, 7.32986048E-03, -9.88066353
	0.81178125, 7.421280185E-03, -10.6305691
	0.82178125, 7.512699889E-03, -11.4579945
	0.83178125, 7.604119593E-03, -12.2459118
	0.84178125, 7.695539298E-03, -12.4931257
	0.85178125, 7.786959002E-03, -12.4363786
	0.86178125, 7.878378706E-03, -12.1028083
	0.87178125, 7.969798411E-03, -11.5393296
	0.88178125, 8.061218115E-03, -10.7943643
	0.89178125, 8.152637819E-03, -9.90569353
	0.90178125, 8.244057524E-03, -8.89628701
	0.91178125, 8.335477228E-03, -7.77841418
	0.92178125, 8.426896932E-03, -6.5587555
	0.93178125, 8.518316636E-03, -5.2384607
	0.94178125, 8.609736341E-03, -3.81910151
	0.95178125, 8.701156045E-03, -2.30012834
	0.96178125, 8.792575749E-03, -0.680224599
	0.97178125, 8.883995454E-03, 1.04242187
	0.98178125, 8.975415158E-03, 2.87000034
	0.99178125, 9.066834862E-03, 4.80500049
	1, 9.141970432E-03, 6.47769927
