 5.E-03, 4.E-04, 2.5E-03,2.5E-03, 4.5E-03, 1.5E-02,5.E-03, 5.E-03, 2.E-03,3.5E-02, 4.E-03, 5.236E-02,0.2618, 5.236E-02, 0.349066667
	1.E-03, 9.141970432E-06, 0.14848862
	2.E-03, 1.828394086E-05, 0.2951708
	3.5E-03, 3.199689651E-05, 0.511848003
	5.75E-03, 5.256632998E-05, 0.829460256
	9.125E-03, 8.342048019E-05, 1.28963877
	1.41875E-02, 1.297017055E-04, 1.94475702
	2.178125E-02, 1.991235435E-04, 2.85290593
	3.178125E-02, 2.905432478E-04, 3.92363544
	4.178125E-02, 3.819629521E-04, 4.86667419
	5.178125E-02, 4.733826564E-04, 5.69633408
	6.178125E-02, 5.648023607E-04, 6.42528479
	7.178125E-02, 6.562220651E-04, 7.0647168
	8.178125E-02, 7.476417694E-04, 7.62442201
	9.178125E-02, 8.390614737E-04, 8.11293426
	0.10178125, 9.30481178E-04, 8.5380973
	0.11178125, 1.021900882E-03, 8.90508977
	0.12178125, 1.113320587E-03, 9.2211981
	0.13178125, 1.204740291E-03, 9.49004156
	0.14178125, 1.296159995E-03, 9.71628833
	0.15178125, 1.3875797E-03, 9.90364595
	0.16178125, 1.478999404E-03, 10.0553498
	0.17178125, 1.570419108E-03, 10.1742217
	0.18178125, 1.661838813E-03, 10.2625622
	0.19178125, 1.753258517E-03, 10.3229116
	0.20178125, 1.844678221E-03, 10.3565656
	0.21178125, 1.936097926E-03, 10.364679
	0.22178125, 2.02751763E-03, 10.3491369
	0.23178125, 2.118937334E-03, 10.312272
	0.24178125, 2.210357038E-03, 10.2265774
	0.25178125, 2.301776743E-03, 10.1081498
	0.26178125, 2.393196447E-03, 9.9518979
	0.27178125, 2.484616151E-03, 9.76933968
	0.28178125, 2.576035856E-03, 9.57056446
	0.29178125, 2.66745556E-03, 9.36046388
	0.30178125, 2.758875264E-03, 9.14044852
	0.31178125, 2.850294969E-03, 8.9116033
	0.32178125, 2.941714673E-03, 8.67476628
	0.33178125, 3.033134377E-03, 8.43044515
	0.34178125, 3.124554082E-03, 8.17334669
	0.35178125, 3.215973786E-03, 7.90418787
	0.36178125, 3.30739349E-03, 7.65474461
	0.37178125, 3.398813195E-03, 7.39433074
	0.38178125, 3.490232899E-03, 7.12325139
	0.39178125, 3.581652603E-03, 6.84175073
	0.40178125, 3.673072308E-03, 6.55000597
	0.41178125, 3.764492012E-03, 6.24814004
	0.42178125, 3.855911716E-03, 5.93614082
	0.43178125, 3.947331421E-03, 5.61379792
	0.44178125, 4.038751125E-03, 5.27023403
	0.45178125, 4.130170829E-03, 4.91702618
	0.46178125, 4.221590534E-03, 4.57457633
	0.47178125, 4.313010238E-03, 4.20234494
	0.48178125, 4.404429942E-03, 3.82119259
	0.49178125, 4.495849646E-03, 3.42883716
	0.50178125, 4.587269351E-03, 3.02686439
	0.51178125, 4.678689055E-03, 2.62078304
	0.52178125, 4.770108759E-03, 2.24867932
	0.53178125, 4.861528464E-03, 1.88296948
	0.54178125, 4.952948168E-03, 1.52450142
	0.55178125, 5.044367872E-03, 1.1718414
	0.56178125, 5.135787577E-03, 0.823222201
	0.57178125, 5.227207281E-03, 0.477191925
	0.58178125, 5.318626985E-03, 0.132552276
	0.59178125, 5.41004669E-03, -0.211711441
	0.60178125, 5.501466394E-03, -0.556483272
	0.61178125, 5.592886098E-03, -0.902551243
	0.62178125, 5.684305803E-03, -1.25063529
	0.63178125, 5.775725507E-03, -1.6014116
	0.64178125, 5.867145211E-03, -1.95552934
	0.65178125, 5.958564916E-03, -2.30722343
	0.66178125, 6.04998462E-03, -2.6762907
	0.67178125, 6.141404324E-03, -3.0432729
	0.68178125, 6.232824029E-03, -3.4076849
	0.69178125, 6.324243733E-03, -3.79869131
	0.70178125, 6.415663437E-03, -4.18714131
	0.71178125, 6.507083141E-03, -4.57244457
	0.72178125, 6.598502846E-03, -4.98799287
	0.73178125, 6.68992255E-03, -5.39975702
	0.74178125, 6.781342254E-03, -5.80723541
	0.75178125, 6.872761959E-03, -6.26861768
	0.76178125, 6.964181663E-03, -6.72628143
	0.77178125, 7.055601367E-03, -7.17986288
	0.78178125, 7.147021072E-03, -7.62669218
	0.79178125, 7.238440776E-03, -8.18163506
	0.80178125, 7.32986048E-03, -8.71133921
	0.81178125, 7.421280185E-03, -9.26726798
	0.82178125, 7.512699889E-03, -9.85471865
	0.83178125, 7.604119593E-03, -10.4800024
	0.84178125, 7.695539298E-03, -11.1517694
	0.85178125, 7.786959002E-03, -11.8827141
	0.86178125, 7.878378706E-03, -12.693549
	0.87178125, 7.969798411E-03, -13.6241861
	0.88178125, 8.061218115E-03, -14.7753216
	0.88678125, 8.106927967E-03, -15.588194
	0.88803125, 8.11835543E-03, -15.7811555
	0.88834375, 8.121212296E-03, -16.0696144
	0.88865625, 8.124069162E-03, -16.3224786
	0.888890625, 8.126211811E-03, -16.2621498
	0.889125, 8.12835446E-03, -16.7380968
	0.889300781, 8.129961447E-03, -15.8306141
	0.889476563, 8.131568434E-03, -15.7591016
	0.889740234, 8.133978915E-03, -15.8939947
	0.890135742, 8.137594635E-03, -15.945439
	0.890729004, 8.143018217E-03, -16.0357867
	0.891618896, 8.151153588E-03, -16.1631491
	0.892953735, 8.163356646E-03, -16.3269327
	0.894955994, 8.181661232E-03, -16.4532515
	0.897959381, 8.209118111E-03, -16.2794671
	0.900962769, 8.23657499E-03, -15.9358549
	0.903966156, 8.26403187E-03, -15.5224024
	0.908471237, 8.305217189E-03, -14.8078196
	0.915228859, 8.366995167E-03, -13.5996005
	0.925228859, 8.458414871E-03, -11.6114856
	0.935228859, 8.549834576E-03, -9.42935323
	0.945228859, 8.64125428E-03, -7.06527119
	0.955228859, 8.732673984E-03, -4.5203687
	0.965228859, 8.824093689E-03, -1.79268209
	0.975228859, 8.915513393E-03, 1.12081998
	0.985228859, 9.006933097E-03, 4.22357158
	0.995228859, 9.098352801E-03, 7.51911738
	1, 9.141970432E-03, 9.16041809
