 5.E-03, 4.E-04, 2.5E-03,2.5E-03, 4.5E-03, 1.5E-02,5.E-03, 1.4E-02, 2.E-03,3.5E-02, 4.E-03, 5.236E-02,0.2618, 5.236E-02, 0.349066667
	1.E-03, 9.141970432E-06, 5.375881888E-02
	2.E-03, 1.828394086E-05, 0.107204118
	3.5E-03, 3.199689651E-05, 0.186786999
	5.75E-03, 5.256632998E-05, 0.304852226
	9.125E-03, 8.342048019E-05, 0.479029688
	1.41875E-02, 1.297017055E-04, 0.733807206
	2.178125E-02, 1.991235435E-04, 1.10164342
	3.178125E-02, 2.905432478E-04, 1.56047216
	4.178125E-02, 3.819629521E-04, 1.99111597
	5.178125E-02, 4.733826564E-04, 2.39447067
	6.178125E-02, 5.648023607E-04, 2.77137727
	7.178125E-02, 6.562220651E-04, 3.12262951
	8.178125E-02, 7.476417694E-04, 3.44897846
	9.178125E-02, 8.390614737E-04, 3.7511376
	0.10178125, 9.30481178E-04, 4.02978694
	0.11178125, 1.021900882E-03, 4.28557686
	0.12178125, 1.113320587E-03, 4.51913169
	0.13178125, 1.204740291E-03, 4.73105259
	0.14178125, 1.296159995E-03, 4.92192026
	0.15178125, 1.3875797E-03, 5.0922971
	0.16178125, 1.478999404E-03, 5.24272912
	0.17178125, 1.570419108E-03, 5.37374766
	0.18178125, 1.661838813E-03, 5.48587043
	0.19178125, 1.753258517E-03, 5.57960295
	0.20178125, 1.844678221E-03, 5.65543912
	0.21178125, 1.936097926E-03, 5.71386206
	0.22178125, 2.02751763E-03, 5.75534468
	0.23178125, 2.118937334E-03, 5.78035006
	0.24178125, 2.210357038E-03, 5.78933181
	0.25178125, 2.301776743E-03, 5.78273442
	0.26178125, 2.393196447E-03, 5.76099363
	0.27178125, 2.484616151E-03, 5.72453627
	0.28178125, 2.576035856E-03, 5.67378091
	0.29178125, 2.66745556E-03, 5.60913807
	0.30178125, 2.758875264E-03, 5.53101021
	0.31178125, 2.850294969E-03, 5.4397925
	0.32178125, 2.941714673E-03, 5.33587291
	0.33178125, 3.033134377E-03, 5.21963278
	0.34178125, 3.124554082E-03, 5.09144744
	0.35178125, 3.215973786E-03, 4.95168678
	0.36178125, 3.30739349E-03, 4.80071622
	0.37178125, 3.398813195E-03, 4.6388971
	0.38178125, 3.490232899E-03, 4.46658846
	0.39178125, 3.581652603E-03, 4.28414774
	0.40178125, 3.673072308E-03, 4.09193199
	0.41178125, 3.764492012E-03, 3.89030011
	0.42178125, 3.855911716E-03, 3.67961404
	0.43178125, 3.947331421E-03, 3.46024131
	0.44178125, 4.038751125E-03, 3.23255695
	0.45178125, 4.130170829E-03, 2.99694703
	0.46178125, 4.221590534E-03, 2.75381101
	0.47178125, 4.313010238E-03, 2.50356593
	0.48178125, 4.404429942E-03, 2.24665055
	0.49178125, 4.495849646E-03, 1.98352956
	0.50178125, 4.587269351E-03, 1.71469988
	0.51178125, 4.678689055E-03, 1.44069582
	0.52178125, 4.770108759E-03, 1.16209668
	0.53178125, 4.861528464E-03, 0.879533302
	0.54178125, 4.952948168E-03, 0.593697378
	0.55178125, 5.044367872E-03, 0.305349063
	0.56178125, 5.135787577E-03, 1.532652766E-02
	0.57178125, 5.227207281E-03, -0.275444918
	0.58178125, 5.318626985E-03, -0.565944274
	0.59178125, 5.41004669E-03, -0.855047204
	0.60178125, 5.501466394E-03, -1.14152014
	0.61178125, 5.592886098E-03, -1.4240176
	0.62178125, 5.684305803E-03, -1.70108313
	0.63178125, 5.775725507E-03, -1.9711553
	0.64178125, 5.867145211E-03, -2.23258004
	0.65178125, 5.958564916E-03, -2.48362964
	0.66178125, 6.04998462E-03, -2.72252729
	0.67178125, 6.141404324E-03, -2.94747854
	0.68178125, 6.232824029E-03, -3.15670619
	0.69178125, 6.324243733E-03, -3.34848603
	0.70178125, 6.415663437E-03, -3.52118043
	0.71178125, 6.507083141E-03, -3.67326748
	0.72178125, 6.598502846E-03, -3.80336211
	0.73178125, 6.68992255E-03, -3.91022919
	0.74178125, 6.781342254E-03, -3.99278601
	0.75178125, 6.872761959E-03, -4.05010146
	0.76178125, 6.964181663E-03, -4.08138627
	0.77178125, 7.055601367E-03, -4.08597729
	0.78178125, 7.147021072E-03, -4.06332692
	0.79178125, 7.238440776E-03, -4.01298489
	0.80178125, 7.32986048E-03, -3.93457941
	0.81178125, 7.421280185E-03, -3.82780148
	0.82178125, 7.512699889E-03, -3.69239021
	0.83178125, 7.604119593E-03, -3.52811376
	0.84178125, 7.695539298E-03, -3.33475417
	0.85178125, 7.786959002E-03, -3.11209643
	0.86178125, 7.878378706E-03, -2.85991059
	0.87178125, 7.969798411E-03, -2.57794308
	0.88178125, 8.061218115E-03, -2.26590438
	0.89178125, 8.152637819E-03, -1.92345824
	0.90178125, 8.244057524E-03, -1.55021263
	0.91178125, 8.335477228E-03, -1.1457099
	0.92178125, 8.426896932E-03, -0.709418095
	0.93178125, 8.518316636E-03, -0.240722574
	0.94178125, 8.609736341E-03, 0.261083471
	0.95178125, 8.701156045E-03, 0.796807152
	0.96178125, 8.792575749E-03, 1.36736452
	0.97178125, 8.883995454E-03, 1.97378942
	0.98178125, 8.975415158E-03, 2.61724199
	0.99178125, 9.066834862E-03, 3.29901858
	1, 9.141970432E-03, 3.88907415
