 5.E-03, 4.E-04, 2.5E-03,2.5E-03, 4.5E-03, 1.5E-02,5.E-03, 7.E-03, 2.E-03,3.5E-02, 4.E-03, 5.236E-02,0.2618, 5.236E-02, 0.349066667
	1.E-03, 9.141970432E-06, 0.125337901
	2.E-03, 1.828394086E-05, 0.249443039
	3.5E-03, 3.199689651E-05, 0.433308146
	5.75E-03, 5.256632998E-05, 0.704004159
	9.125E-03, 8.342048019E-05, 1.09876174
	1.41875E-02, 1.297017055E-04, 1.66615302
	2.178125E-02, 1.991235435E-04, 2.46374514
	3.178125E-02, 2.905432478E-04, 3.42172456
	4.178125E-02, 3.819629521E-04, 4.28230867
	5.178125E-02, 4.733826564E-04, 5.05338181
	6.178125E-02, 5.648023607E-04, 5.74235927
	7.178125E-02, 6.562220651E-04, 6.35616653
	8.178125E-02, 7.476417694E-04, 6.90119811
	9.178125E-02, 8.390614737E-04, 7.38357853
	0.10178125, 9.30481178E-04, 7.80783778
	0.11178125, 1.021900882E-03, 8.1798921
	0.12178125, 1.113320587E-03, 8.50297815
	0.13178125, 1.204740291E-03, 8.78215278
	0.14178125, 1.296159995E-03, 9.01980687
	0.15178125, 1.3875797E-03, 9.22020412
	0.16178125, 1.478999404E-03, 9.38511103
	0.17178125, 1.570419108E-03, 9.51804864
	0.18178125, 1.661838813E-03, 9.62037127
	0.19178125, 1.753258517E-03, 9.69484848
	0.20178125, 1.844678221E-03, 9.7426493
	0.21178125, 1.936097926E-03, 9.76560215
	0.22178125, 2.02751763E-03, 9.76502521
	0.23178125, 2.118937334E-03, 9.74298989
	0.24178125, 2.210357038E-03, 9.69461133
	0.25178125, 2.301776743E-03, 9.6251537
	0.26178125, 2.393196447E-03, 9.53640753
	0.27178125, 2.484616151E-03, 9.42927335
	0.28178125, 2.576035856E-03, 9.30468352
	0.29178125, 2.66745556E-03, 9.04820829
	0.30178125, 2.758875264E-03, 8.86389128
	0.31178125, 2.850294969E-03, 8.66217065
	0.32178125, 2.941714673E-03, 8.43881114
	0.33178125, 3.033134377E-03, 8.20610447
	0.34178125, 3.124554082E-03, 7.96496022
	0.35178125, 3.215973786E-03, 7.71103031
	0.36178125, 3.30739349E-03, 7.44508163
	0.37178125, 3.398813195E-03, 7.19625561
	0.38178125, 3.490232899E-03, 6.93686522
	0.39178125, 3.581652603E-03, 6.66724205
	0.40178125, 3.673072308E-03, 6.38777741
	0.41178125, 3.764492012E-03, 6.09884731
	0.42178125, 3.855911716E-03, 5.80084991
	0.43178125, 3.947331421E-03, 5.494168
	0.44178125, 4.038751125E-03, 5.17914649
	0.45178125, 4.130170829E-03, 4.85605808
	0.46178125, 4.221590534E-03, 4.52506477
	0.47178125, 4.313010238E-03, 4.20525932
	0.48178125, 4.404429942E-03, 3.86739191
	0.49178125, 4.495849646E-03, 3.52155979
	0.50178125, 4.587269351E-03, 3.16629274
	0.51178125, 4.678689055E-03, 2.80168257
	0.52178125, 4.770108759E-03, 2.42840266
	0.53178125, 4.861528464E-03, 2.04789231
	0.54178125, 4.952948168E-03, 1.66347831
	0.55178125, 5.044367872E-03, 1.2811888
	0.56178125, 5.135787577E-03, 0.907614058
	0.57178125, 5.227207281E-03, 0.535762853
	0.58178125, 5.318626985E-03, 0.167279657
	0.59178125, 5.41004669E-03, -0.198979396
	0.60178125, 5.501466394E-03, -0.564202945
	0.61178125, 5.592886098E-03, -0.929525666
	0.62178125, 5.684305803E-03, -1.29599756
	0.63178125, 5.775725507E-03, -1.66458182
	0.64178125, 5.867145211E-03, -2.03618928
	0.65178125, 5.958564916E-03, -2.40603665
	0.66178125, 6.04998462E-03, -2.79188572
	0.67178125, 6.141404324E-03, -3.17704957
	0.68178125, 6.232824029E-03, -3.56111159
	0.69178125, 6.324243733E-03, -3.97003536
	0.70178125, 6.415663437E-03, -4.37850968
	0.71178125, 6.507083141E-03, -4.78615521
	0.72178125, 6.598502846E-03, -5.1912808
	0.73178125, 6.68992255E-03, -5.66510347
	0.74178125, 6.781342254E-03, -6.14125707
	0.75178125, 6.872761959E-03, -6.61957151
	0.76178125, 6.964181663E-03, -7.09800888
	0.77178125, 7.055601367E-03, -7.57468456
	0.78178125, 7.147021072E-03, -8.12024656
	0.79178125, 7.238440776E-03, -8.68203827
	0.80178125, 7.32986048E-03, -9.27834084
	0.81178125, 7.421280185E-03, -9.91792167
	0.82178125, 7.512699889E-03, -10.6137661
	0.83178125, 7.604119593E-03, -11.387553
	0.84178125, 7.695539298E-03, -12.2818675
	0.85178125, 7.786959002E-03, -13.4880121
	0.86178125, 7.878378706E-03, -14.1041476
	0.87178125, 7.969798411E-03, -13.8614746
	0.87928125, 8.038363189E-03, -13.3945328
	0.88678125, 8.106927967E-03, -12.7397428
	0.89678125, 8.198347671E-03, -11.662917
	0.90678125, 8.289767376E-03, -10.417396
	0.91678125, 8.38118708E-03, -9.03632043
	0.92678125, 8.472606784E-03, -7.52705983
	0.93678125, 8.564026489E-03, -5.89712106
	0.94678125, 8.655446193E-03, -4.14704413
	0.95678125, 8.746865897E-03, -2.27569962
	0.96678125, 8.838285602E-03, -0.281199943
	0.97678125, 8.929705306E-03, 1.83884577
	0.98678125, 9.02112501E-03, 4.08717172
	0.993390625, 9.081547721E-03, 5.64505485
	1, 9.141970432E-03, 7.26116487
