 5.E-03, 4.E-04, 2.5E-03,2.5E-03, 4.5E-03, 1.5E-02,5.E-03, 9.E-03, 2.E-03,3.5E-02, 4.E-03, 5.236E-02,0.2618, 5.236E-02, 0.349066667
	1.E-03, 9.141970432E-06, 0.101109942
	2.E-03, 1.828394086E-05, 0.201416784
	3.5E-03, 3.199689651E-05, 0.350379473
	5.75E-03, 5.256632998E-05, 0.570479737
	9.125E-03, 8.342048019E-05, 0.893192927
	1.41875E-02, 1.297017055E-04, 1.36082078
	2.178125E-02, 1.991235435E-04, 2.02625168
	3.178125E-02, 2.905432478E-04, 2.83915376
	4.178125E-02, 3.819629521E-04, 3.58349806
	5.178125E-02, 4.733826564E-04, 4.26302513
	6.178125E-02, 5.648023607E-04, 4.88138449
	7.178125E-02, 6.562220651E-04, 5.44212315
	8.178125E-02, 7.476417694E-04, 5.94866219
	9.178125E-02, 8.390614737E-04, 6.40428041
	0.10178125, 9.30481178E-04, 6.81210065
	0.11178125, 1.021900882E-03, 7.17523896
	0.12178125, 1.113320587E-03, 7.49600877
	0.13178125, 1.204740291E-03, 7.77767089
	0.14178125, 1.296159995E-03, 8.02200572
	0.15178125, 1.3875797E-03, 8.23196479
	0.16178125, 1.478999404E-03, 8.40898959
	0.17178125, 1.570419108E-03, 8.5556989
	0.18178125, 1.661838813E-03, 8.67326553
	0.19178125, 1.753258517E-03, 8.76395428
	0.20178125, 1.844678221E-03, 8.82874913
	0.21178125, 1.936097926E-03, 8.86953125
	0.22178125, 2.02751763E-03, 8.88718935
	0.23178125, 2.118937334E-03, 8.88315224
	0.24178125, 2.210357038E-03, 8.85833832
	0.25178125, 2.301776743E-03, 8.81355562
	0.26178125, 2.393196447E-03, 8.74995653
	0.27178125, 2.484616151E-03, 8.66881278
	0.28178125, 2.576035856E-03, 8.5667148
	0.29178125, 2.66745556E-03, 8.44768111
	0.30178125, 2.758875264E-03, 8.31278554
	0.31178125, 2.850294969E-03, 8.16264429
	0.32178125, 2.941714673E-03, 7.9978823
	0.33178125, 3.033134377E-03, 7.7802229
	0.34178125, 3.124554082E-03, 7.57072063
	0.35178125, 3.215973786E-03, 7.34688344
	0.36178125, 3.30739349E-03, 7.10941368
	0.37178125, 3.398813195E-03, 6.85919567
	0.38178125, 3.490232899E-03, 6.59708137
	0.39178125, 3.581652603E-03, 6.32398608
	0.40178125, 3.673072308E-03, 6.07783307
	0.41178125, 3.764492012E-03, 5.80301581
	0.42178125, 3.855911716E-03, 5.51924647
	0.43178125, 3.947331421E-03, 5.22691853
	0.44178125, 4.038751125E-03, 4.92669221
	0.45178125, 4.130170829E-03, 4.61919463
	0.46178125, 4.221590534E-03, 4.32001314
	0.47178125, 4.313010238E-03, 4.00585151
	0.48178125, 4.404429942E-03, 3.68483905
	0.49178125, 4.495849646E-03, 3.35720746
	0.50178125, 4.587269351E-03, 3.02759741
	0.51178125, 4.678689055E-03, 2.69011245
	0.52178125, 4.770108759E-03, 2.34670305
	0.53178125, 4.861528464E-03, 1.99809672
	0.54178125, 4.952948168E-03, 1.64394402
	0.55178125, 5.044367872E-03, 1.2836591
	0.56178125, 5.135787577E-03, 0.918160951
	0.57178125, 5.227207281E-03, 0.547254862
	0.58178125, 5.318626985E-03, 0.171055515
	0.59178125, 5.41004669E-03, -0.210334218
	0.60178125, 5.501466394E-03, -0.596785706
	0.61178125, 5.592886098E-03, -0.988239195
	0.62178125, 5.684305803E-03, -1.38471945
	0.63178125, 5.775725507E-03, -1.78379475
	0.64178125, 5.867145211E-03, -2.19355454
	0.65178125, 5.958564916E-03, -2.60570157
	0.66178125, 6.04998462E-03, -3.02054698
	0.67178125, 6.141404324E-03, -3.45510406
	0.68178125, 6.232824029E-03, -3.89334054
	0.69178125, 6.324243733E-03, -4.33566065
	0.70178125, 6.415663437E-03, -4.7807584
	0.71178125, 6.507083141E-03, -5.27320006
	0.72178125, 6.598502846E-03, -5.77341239
	0.73178125, 6.68992255E-03, -6.28289913
	0.74178125, 6.781342254E-03, -6.80049324
	0.75178125, 6.872761959E-03, -7.32529693
	0.76178125, 6.964181663E-03, -7.85595575
	0.77178125, 7.055601367E-03, -8.52609793
	0.78178125, 7.147021072E-03, -9.1519707
	0.79178125, 7.238440776E-03, -9.76978929
	0.80178125, 7.32986048E-03, -10.2866672
	0.81178125, 7.421280185E-03, -10.6364342
	0.82178125, 7.512699889E-03, -10.8185184
	0.83178125, 7.604119593E-03, -10.8274074
	0.84178125, 7.695539298E-03, -10.6668157
	0.85178125, 7.786959002E-03, -10.3518796
	0.86178125, 7.878378706E-03, -9.90110056
	0.87178125, 7.969798411E-03, -9.33191083
	0.88178125, 8.061218115E-03, -8.65832242
	0.89178125, 8.152637819E-03, -7.8902368
	0.90178125, 8.244057524E-03, -7.03402467
	0.91178125, 8.335477228E-03, -6.09399443
	0.92178125, 8.426896932E-03, -5.07088593
	0.93178125, 8.518316636E-03, -3.96616511
	0.94178125, 8.609736341E-03, -2.77971625
	0.95178125, 8.701156045E-03, -1.51077229
	0.96178125, 8.792575749E-03, -0.158107285
	0.97178125, 8.883995454E-03, 1.27987605
	0.98178125, 8.975415158E-03, 2.80508858
	0.99178125, 9.066834862E-03, 4.41971793
	1, 9.141970432E-03, 5.8154193
