 5.E-03, 4.E-04, 2.5E-03,2.5E-03, 4.5E-03, 1.5E-02,5.E-03, 1.3E-02, 2.E-03,3.5E-02, 4.E-03, 5.236E-02,0.2618, 5.236E-02, 0.349066667
	1.E-03, 9.141970432E-06, 6.101295523E-02
	2.E-03, 1.828394086E-05, 0.12165843
	3.5E-03, 3.199689651E-05, 0.211940283
	5.75E-03, 5.256632998E-05, 0.345827971
	9.125E-03, 8.342048019E-05, 0.543234976
	1.41875E-02, 1.297017055E-04, 0.83173833
	2.178125E-02, 1.991235435E-04, 1.2476991
	3.178125E-02, 2.905432478E-04, 1.76552427
	4.178125E-02, 3.819629521E-04, 2.25037592
	5.178125E-02, 4.733826564E-04, 2.70334875
	6.178125E-02, 5.648023607E-04, 3.12548049
	7.178125E-02, 6.562220651E-04, 3.51776141
	8.178125E-02, 7.476417694E-04, 3.88113757
	9.178125E-02, 8.390614737E-04, 4.21651621
	0.10178125, 9.30481178E-04, 4.52476942
	0.11178125, 1.021900882E-03, 4.80673778
	0.12178125, 1.113320587E-03, 5.06323316
	0.13178125, 1.204740291E-03, 5.29504152
	0.14178125, 1.296159995E-03, 5.50292472
	0.15178125, 1.3875797E-03, 5.68762219
	0.16178125, 1.478999404E-03, 5.84985231
	0.17178125, 1.570419108E-03, 5.9903133
	0.18178125, 1.661838813E-03, 6.109684
	0.19178125, 1.753258517E-03, 6.20862455
	0.20178125, 1.844678221E-03, 6.28777662
	0.21178125, 1.936097926E-03, 6.34776379
	0.22178125, 2.02751763E-03, 6.38919177
	0.23178125, 2.118937334E-03, 6.41264864
	0.24178125, 2.210357038E-03, 6.41870483
	0.25178125, 2.301776743E-03, 6.40791347
	0.26178125, 2.393196447E-03, 6.38081037
	0.27178125, 2.484616151E-03, 6.33791444
	0.28178125, 2.576035856E-03, 6.27972789
	0.29178125, 2.66745556E-03, 6.20673651
	0.30178125, 2.758875264E-03, 6.11941007
	0.31178125, 2.850294969E-03, 6.01820282
	0.32178125, 2.941714673E-03, 5.90355402
	0.33178125, 3.033134377E-03, 5.77588852
	0.34178125, 3.124554082E-03, 5.63561743
	0.35178125, 3.215973786E-03, 5.48313883
	0.36178125, 3.30739349E-03, 5.31883875
	0.37178125, 3.398813195E-03, 5.14309181
	0.38178125, 3.490232899E-03, 4.95626254
	0.39178125, 3.581652603E-03, 4.75870599
	0.40178125, 3.673072308E-03, 4.55076952
	0.41178125, 3.764492012E-03, 4.33279335
	0.42178125, 3.855911716E-03, 4.10511241
	0.43178125, 3.947331421E-03, 3.86805783
	0.44178125, 4.038751125E-03, 3.62195842
	0.45178125, 4.130170829E-03, 3.36714336
	0.46178125, 4.221590534E-03, 3.10394313
	0.47178125, 4.313010238E-03, 2.83256837
	0.48178125, 4.404429942E-03, 2.55360365
	0.49178125, 4.495849646E-03, 2.26729093
	0.50178125, 4.587269351E-03, 1.97400338
	0.51178125, 4.678689055E-03, 1.67413673
	0.52178125, 4.770108759E-03, 1.3681162
	0.53178125, 4.861528464E-03, 1.05640367
	0.54178125, 4.952948168E-03, 0.739508001
	0.55178125, 5.044367872E-03, 0.41799544
	0.56178125, 5.135787577E-03, 9.275891267E-02
	0.57178125, 5.227207281E-03, -0.236245117
	0.58178125, 5.318626985E-03, -0.567144306
	0.59178125, 5.41004669E-03, -0.899771529
	0.60178125, 5.501466394E-03, -1.23281439
	0.61178125, 5.592886098E-03, -1.56501113
	0.62178125, 5.684305803E-03, -1.89492315
	0.63178125, 5.775725507E-03, -2.22090604
	0.64178125, 5.867145211E-03, -2.54109882
	0.65178125, 5.958564916E-03, -2.85341756
	0.66178125, 6.04998462E-03, -3.15556123
	0.67178125, 6.141404324E-03, -3.44503315
	0.68178125, 6.232824029E-03, -3.71918445
	0.69178125, 6.324243733E-03, -3.97527871
	0.70178125, 6.415663437E-03, -4.21057542
	0.71178125, 6.507083141E-03, -4.42242137
	0.72178125, 6.598502846E-03, -4.60820772
	0.73178125, 6.68992255E-03, -4.76612636
	0.74178125, 6.781342254E-03, -4.89365496
	0.75178125, 6.872761959E-03, -4.99001797
	0.76178125, 6.964181663E-03, -5.0533106
	0.77178125, 7.055601367E-03, -5.08275722
	0.78178125, 7.147021072E-03, -5.07767944
	0.79178125, 7.238440776E-03, -5.0375805
	0.80178125, 7.32986048E-03, -4.96213023
	0.81178125, 7.421280185E-03, -4.85112537
	0.82178125, 7.512699889E-03, -4.70445162
	0.83178125, 7.604119593E-03, -4.52204542
	0.84178125, 7.695539298E-03, -4.30386695
	0.85178125, 7.786959002E-03, -4.04987251
	0.86178125, 7.878378706E-03, -3.75999149
	0.87178125, 7.969798411E-03, -3.43410861
	0.88178125, 8.061218115E-03, -3.07204792
	0.89178125, 8.152637819E-03, -2.67356161
	0.90178125, 8.244057524E-03, -2.23831858
	0.91178125, 8.335477228E-03, -1.76589539
	0.92178125, 8.426896932E-03, -1.25576904
	0.93178125, 8.518316636E-03, -0.707308179
	0.94178125, 8.609736341E-03, -0.119766065
	0.95178125, 8.701156045E-03, 0.507726377
	0.96178125, 8.792575749E-03, 1.17616941
	0.97178125, 8.883995454E-03, 1.88670149
	0.98178125, 8.975415158E-03, 2.64060705
	0.99178125, 9.066834862E-03, 3.43932614
	1, 9.141970432E-03, 4.13046795
