 5.E-03, 4.E-04, 2.5E-03,2.5E-03, 4.5E-03, 1.5E-02,5.E-03, 1.2E-02, 2.E-03,3.5E-02, 4.E-03, 5.236E-02,0.2618, 5.236E-02, 0.349066667
	1.E-03, 9.141970432E-06, 6.931111972E-02
	2.E-03, 1.828394086E-05, 0.138185561
	3.5E-03, 3.199689651E-05, 0.240681867
	5.75E-03, 5.256632998E-05, 0.392602524
	9.125E-03, 8.342048019E-05, 0.616416123
	1.41875E-02, 1.297017055E-04, 0.943105016
	2.178125E-02, 1.991235435E-04, 1.41321247
	3.178125E-02, 2.905432478E-04, 1.99680157
	4.178125E-02, 3.819629521E-04, 2.54138792
	5.178125E-02, 4.733826564E-04, 3.04835726
	6.178125E-02, 5.648023607E-04, 3.51903831
	7.178125E-02, 6.562220651E-04, 3.95471301
	8.178125E-02, 7.476417694E-04, 4.35661804
	9.178125E-02, 8.390614737E-04, 4.72594964
	0.10178125, 9.30481178E-04, 5.06386554
	0.11178125, 1.021900882E-03, 5.37148765
	0.12178125, 1.113320587E-03, 5.64990391
	0.13178125, 1.204740291E-03, 5.90016912
	0.14178125, 1.296159995E-03, 6.12330594
	0.15178125, 1.3875797E-03, 6.32030548
	0.16178125, 1.478999404E-03, 6.49212732
	0.17178125, 1.570419108E-03, 6.63969977
	0.18178125, 1.661838813E-03, 6.76392001
	0.19178125, 1.753258517E-03, 6.86565392
	0.20178125, 1.844678221E-03, 6.94573616
	0.21178125, 1.936097926E-03, 7.00497028
	0.22178125, 2.02751763E-03, 7.04412867
	0.23178125, 2.118937334E-03, 7.0639532
	0.24178125, 2.210357038E-03, 7.06515499
	0.25178125, 2.301776743E-03, 7.04841549
	0.26178125, 2.393196447E-03, 7.01438642
	0.27178125, 2.484616151E-03, 6.96369085
	0.28178125, 2.576035856E-03, 6.89692396
	0.29178125, 2.66745556E-03, 6.81465358
	0.30178125, 2.758875264E-03, 6.71742142
	0.31178125, 2.850294969E-03, 6.60574409
	0.32178125, 2.941714673E-03, 6.48011412
	0.33178125, 3.033134377E-03, 6.341001
	0.34178125, 3.124554082E-03, 6.18885287
	0.35178125, 3.215973786E-03, 6.0240972
	0.36178125, 3.30739349E-03, 5.84714276
	0.37178125, 3.398813195E-03, 5.65838061
	0.38178125, 3.490232899E-03, 5.45818596
	0.39178125, 3.581652603E-03, 5.24691934
	0.40178125, 3.673072308E-03, 5.02492847
	0.41178125, 3.764492012E-03, 4.79255008
	0.42178125, 3.855911716E-03, 4.55011097
	0.43178125, 3.947331421E-03, 4.29793051
	0.44178125, 4.038751125E-03, 4.03632124
	0.45178125, 4.130170829E-03, 3.76559105
	0.46178125, 4.221590534E-03, 3.48605985
	0.47178125, 4.313010238E-03, 3.19815225
	0.48178125, 4.404429942E-03, 2.90183644
	0.49178125, 4.495849646E-03, 2.59743123
	0.50178125, 4.587269351E-03, 2.28544851
	0.51178125, 4.678689055E-03, 1.96602316
	0.52178125, 4.770108759E-03, 1.63941754
	0.53178125, 4.861528464E-03, 1.30589732
	0.54178125, 4.952948168E-03, 0.965739963
	0.55178125, 5.044367872E-03, 0.61924079
	0.56178125, 5.135787577E-03, 0.26673189
	0.57178125, 5.227207281E-03, -9.140760904E-02
	0.58178125, 5.318626985E-03, -0.454284941
	0.59178125, 5.41004669E-03, -0.822696119
	0.60178125, 5.501466394E-03, -1.19430076
	0.61178125, 5.592886098E-03, -1.56927495
	0.62178125, 5.684305803E-03, -1.94637298
	0.63178125, 5.775725507E-03, -2.32545328
	0.64178125, 5.867145211E-03, -2.70315683
	0.65178125, 5.958564916E-03, -3.07900607
	0.66178125, 6.04998462E-03, -3.44993981
	0.67178125, 6.141404324E-03, -3.81398315
	0.68178125, 6.232824029E-03, -4.16760599
	0.69178125, 6.324243733E-03, -4.50812213
	0.70178125, 6.415663437E-03, -4.83035399
	0.71178125, 6.507083141E-03, -5.13093263
	0.72178125, 6.598502846E-03, -5.40444456
	0.73178125, 6.68992255E-03, -5.6465235
	0.74178125, 6.781342254E-03, -5.85286293
	0.75178125, 6.872761959E-03, -6.01974442
	0.76178125, 6.964181663E-03, -6.14421909
	0.77178125, 7.055601367E-03, -6.22416658
	0.78178125, 7.147021072E-03, -6.25823046
	0.79178125, 7.238440776E-03, -6.24568611
	0.80178125, 7.32986048E-03, -6.18629013
	0.81178125, 7.421280185E-03, -6.08013837
	0.82178125, 7.512699889E-03, -5.92754852
	0.83178125, 7.604119593E-03, -5.72938013
	0.84178125, 7.695539298E-03, -5.48524403
	0.85178125, 7.786959002E-03, -5.19603243
	0.86178125, 7.878378706E-03, -4.86216209
	0.87178125, 7.969798411E-03, -4.48390746
	0.88178125, 8.061218115E-03, -4.06142129
	0.89178125, 8.152637819E-03, -3.59471385
	0.90178125, 8.244057524E-03, -3.08364716
	0.91178125, 8.335477228E-03, -2.52793195
	0.92178125, 8.426896932E-03, -1.92712325
	0.93178125, 8.518316636E-03, -1.28062272
	0.94178125, 8.609736341E-03, -0.587674553
	0.95178125, 8.701156045E-03, 0.152636746
	0.96178125, 8.792575749E-03, 0.941388806
	0.97178125, 8.883995454E-03, 1.77982684
	0.98178125, 8.975415158E-03, 2.66936804
	0.99178125, 9.066834862E-03, 3.61160842
	1, 9.141970432E-03, 4.42673685
